Pulseheight/Count
17.8850365	0
53.65510949	8
89.42518248	26
125.1952555	12
160.9653285	18
196.7354015	10
232.5054745	15
268.2755474	19
304.0456204	27
339.8156934	26
375.5857664	31
411.3558394	43
447.1259124	42
482.8959854	44
518.6660584	41
554.4361314	40
590.2062044	35
625.9762774	39
661.7463504	56
697.5164234	55
733.2864964	41
769.0565693	48
804.8266423	47
840.5967153	66
876.3667883	63
912.1368613	67
947.9069343	84
983.6770073	113
1019.44708	135
1055.217153	214
1090.987226	221
1126.757299	257
1162.527372	237
1198.297445	187
1234.067518	214
1269.837591	188
1305.607664	144
1341.377737	129
1377.14781	123
1412.917883	103
1448.687956	136
1484.458029	120
1520.228102	131
1555.998175	112
1591.768248	103
1627.538321	112
1663.308394	121
1699.078467	143
1734.84854	158
1770.618613	137
1806.388686	156
1842.158759	144
1877.928832	165
1913.698905	138
1949.468978	142
1985.239051	169
2021.009124	158
2056.779197	154
2092.54927	170
2128.319343	183
2164.089416	175
2199.859489	177
2235.629562	179
2271.399635	171
2307.169708	176
2342.939781	165
2378.709854	203
2414.479927	199
2450.25	206
2486.020073	214
2521.790146	199
2557.560219	262
2593.330292	259
2629.100365	231
2664.870438	301
2700.640511	309
2736.410584	342
2772.180657	330
2807.95073	364
2843.720803	357
2879.490876	348
2915.260949	308
2951.031022	343
2986.801095	311
3022.571168	246
3058.341241	279
3094.111314	220
3129.881387	173
3165.65146	147
3201.421533	127
3237.191606	121
3272.961679	83
3308.731752	80
3344.501825	74
3380.271898	66
3416.041971	67
3451.812044	67
3487.582117	44
3523.35219	51
3559.122263	37
3594.892336	35
3630.662409	33
3666.432482	30
3702.202555	30
3737.972628	24
3773.742701	24
3809.512774	23
3845.282847	28
3881.05292	15
3916.822993	14
3952.593066	17
3988.363139	8
4024.133212	12
4059.903285	11
4095.673358	6
4131.443431	19
4167.213504	15
4202.983577	9
4238.75365	8
4274.523723	6
4310.293796	7
4346.063869	9
4381.833942	1
4417.604015	6
4453.374088	5
4489.144161	7
4524.914234	6
4560.684307	6
4596.45438	8
4632.224453	5
4667.994526	4
4703.764599	5
4739.534672	9
4775.304745	3
4811.074818	7
4846.844891	8
4882.614964	4
4918.385036	7
4954.155109	2
4989.925182	7
5025.695255	3
5061.465328	7
5097.235401	5
5133.005474	6
5168.775547	1
5204.54562	1
5240.315693	6
5276.085766	6
5311.855839	3
5347.625912	5
5383.395985	5
5419.166058	3
5454.936131	4
5490.706204	3
5526.476277	5
5562.24635	5
5598.016423	5
5633.786496	4
5669.556569	1
5705.326642	1
5741.096715	2
5776.866788	4
5812.636861	4
5848.406934	2
5884.177007	1
5919.94708	3
5955.717153	1
5991.487226	1
6027.257299	3
6063.027372	1
6098.797445	1
6134.567518	4
6170.337591	2
6206.107664	3
6241.877737	2
6277.64781	2
6313.417883	3
6349.187956	3
6384.958029	2
6420.728102	5
6456.498175	1
6492.268248	3
6528.038321	3
6563.808394	2
6599.578467	1
6635.34854	2
6671.118613	5
6706.888686	5
6742.658759	3
6778.428832	2
6814.198905	4
6849.968978	3
6885.739051	4
6921.509124	1
6957.279197	1
6993.04927	3
7028.819343	3
7064.589416	2
7100.359489	1
7136.129562	6
7171.899635	3
7207.669708	3
7243.439781	3
7279.209854	3
7314.979927	1
7350.75	1
7386.520073	0
7422.290146	1
7458.060219	2
7493.830292	2
7529.600365	3
7565.370438	2
7601.140511	3
7636.910584	3
7672.680657	3
7708.45073	0
7744.220803	1
7779.990876	0
7815.760949	3
7851.531022	3
7887.301095	4
7923.071168	1
7958.841241	1
7994.611314	2
8030.381387	2
8066.15146	1
8101.921533	4
8137.691606	2
8173.461679	1
8209.231752	2
8245.001825	2
8280.771898	3
8316.541971	3
8352.312044	5
8388.082117	2
8423.85219	2
8459.622263	0
8495.392336	1
8531.162409	3
8566.932482	1
8602.702555	1
8638.472628	2
8674.242701	1
8710.012774	4
8745.782847	2
8781.55292	1
8817.322993	2
8853.093066	1
8888.863139	2
8924.633212	1
8960.403285	2
8996.173358	2
9031.943431	1
9067.713504	0
9103.483577	0
9139.25365	2
9175.023723	2
9210.793796	4
9246.563869	1
9282.333942	2
9318.104015	1
9353.874088	1
9389.644161	2
9425.414234	0
9461.184307	0
9496.95438	3
9532.724453	2
9568.494526	1
9604.264599	1
9640.034672	2
9675.804745	2
9711.574818	1
9747.344891	1
9783.114964	1
