Pulseheight/Count
17.8850365	0
53.65510949	18
89.42518248	37
125.1952555	49
160.9653285	52
196.7354015	60
232.5054745	75
268.2755474	68
304.0456204	71
339.8156934	70
375.5857664	58
411.3558394	98
447.1259124	79
482.8959854	84
518.6660584	75
554.4361314	93
590.2062044	99
625.9762774	92
661.7463504	106
697.5164234	109
733.2864964	96
769.0565693	100
804.8266423	109
840.5967153	96
876.3667883	120
912.1368613	117
947.9069343	125
983.6770073	173
1019.44708	200
1055.217153	275
1090.987226	263
1126.757299	292
1162.527372	256
1198.297445	213
1234.067518	194
1269.837591	181
1305.607664	154
1341.377737	174
1377.14781	152
1412.917883	161
1448.687956	160
1484.458029	144
1520.228102	135
1555.998175	175
1591.768248	185
1627.538321	145
1663.308394	143
1699.078467	169
1734.84854	175
1770.618613	132
1806.388686	135
1842.158759	139
1877.928832	145
1913.698905	163
1949.468978	134
1985.239051	121
2021.009124	142
2056.779197	134
2092.54927	156
2128.319343	145
2164.089416	144
2199.859489	159
2235.629562	146
2271.399635	141
2307.169708	161
2342.939781	124
2378.709854	125
2414.479927	162
2450.25	161
2486.020073	144
2521.790146	172
2557.560219	139
2593.330292	148
2629.100365	152
2664.870438	148
2700.640511	117
2736.410584	117
2772.180657	123
2807.95073	121
2843.720803	118
2879.490876	107
2915.260949	133
2951.031022	113
2986.801095	121
3022.571168	116
3058.341241	87
3094.111314	84
3129.881387	95
3165.65146	96
3201.421533	91
3237.191606	102
3272.961679	84
3308.731752	106
3344.501825	89
3380.271898	85
3416.041971	106
3451.812044	101
3487.582117	91
3523.35219	71
3559.122263	104
3594.892336	84
3630.662409	104
3666.432482	93
3702.202555	91
3737.972628	97
3773.742701	97
3809.512774	92
3845.282847	87
3881.05292	82
3916.822993	96
3952.593066	86
3988.363139	97
4024.133212	92
4059.903285	96
4095.673358	95
4131.443431	93
4167.213504	100
4202.983577	85
4238.75365	85
4274.523723	92
4310.293796	87
4346.063869	99
4381.833942	100
4417.604015	105
4453.374088	107
4489.144161	90
4524.914234	99
4560.684307	106
4596.45438	109
4632.224453	99
4667.994526	119
4703.764599	130
4739.534672	102
4775.304745	125
4811.074818	110
4846.844891	108
4882.614964	127
4918.385036	132
4954.155109	121
4989.925182	105
5025.695255	134
5061.465328	125
5097.235401	131
5133.005474	133
5168.775547	131
5204.54562	118
5240.315693	118
5276.085766	136
5311.855839	122
5347.625912	119
5383.395985	102
5419.166058	97
5454.936131	118
5490.706204	87
5526.476277	96
5562.24635	103
5598.016423	95
5633.786496	95
5669.556569	83
5705.326642	84
5741.096715	79
5776.866788	84
5812.636861	83
5848.406934	78
5884.177007	72
5919.94708	70
5955.717153	68
5991.487226	78
6027.257299	94
6063.027372	85
6098.797445	101
6134.567518	81
6170.337591	84
6206.107664	88
6241.877737	84
6277.64781	118
6313.417883	105
6349.187956	97
6384.958029	100
6420.728102	118
6456.498175	108
6492.268248	126
6528.038321	125
6563.808394	123
6599.578467	144
6635.34854	106
6671.118613	133
6706.888686	129
6742.658759	157
6778.428832	137
6814.198905	123
6849.968978	138
6885.739051	143
6921.509124	132
6957.279197	145
6993.04927	126
7028.819343	129
7064.589416	131
7100.359489	122
7136.129562	110
7171.899635	118
7207.669708	105
7243.439781	104
7279.209854	126
7314.979927	125
7350.75	101
7386.520073	84
7422.290146	68
7458.060219	86
7493.830292	75
7529.600365	72
7565.370438	74
7601.140511	76
7636.910584	66
7672.680657	60
7708.45073	47
7744.220803	43
7779.990876	46
7815.760949	36
7851.531022	39
7887.301095	34
7923.071168	32
7958.841241	28
7994.611314	24
8030.381387	35
8066.15146	26
8101.921533	28
8137.691606	19
8173.461679	23
8209.231752	23
8245.001825	25
8280.771898	16
8316.541971	13
8352.312044	10
8388.082117	17
8423.85219	13
8459.622263	14
8495.392336	12
8531.162409	8
8566.932482	4
8602.702555	3
8638.472628	4
8674.242701	5
8710.012774	11
8745.782847	6
8781.55292	2
8817.322993	4
8853.093066	7
8888.863139	4
8924.633212	3
8960.403285	6
8996.173358	3
9031.943431	3
9067.713504	1
9103.483577	2
9139.25365	0
9175.023723	1
9210.793796	0
9246.563869	1
9282.333942	1
9318.104015	2
9353.874088	5
9389.644161	2
9425.414234	0
9461.184307	0
9496.95438	0
9532.724453	1
9568.494526	2
9604.264599	2
9640.034672	0
9675.804745	0
9711.574818	1
9747.344891	1
9783.114964	0
