Pulseheight/Count
17.8850365	0
53.65510949	19
89.42518248	60
125.1952555	43
160.9653285	63
196.7354015	68
232.5054745	65
268.2755474	84
304.0456204	78
339.8156934	91
375.5857664	82
411.3558394	94
447.1259124	81
482.8959854	67
518.6660584	91
554.4361314	90
590.2062044	108
625.9762774	86
661.7463504	92
697.5164234	126
733.2864964	93
769.0565693	117
804.8266423	117
840.5967153	89
876.3667883	111
912.1368613	126
947.9069343	135
983.6770073	148
1019.44708	201
1055.217153	235
1090.987226	292
1126.757299	270
1162.527372	243
1198.297445	224
1234.067518	204
1269.837591	172
1305.607664	177
1341.377737	168
1377.14781	145
1412.917883	139
1448.687956	153
1484.458029	139
1520.228102	165
1555.998175	149
1591.768248	158
1627.538321	164
1663.308394	167
1699.078467	184
1734.84854	140
1770.618613	159
1806.388686	162
1842.158759	153
1877.928832	154
1913.698905	159
1949.468978	141
1985.239051	137
2021.009124	139
2056.779197	157
2092.54927	143
2128.319343	159
2164.089416	147
2199.859489	161
2235.629562	151
2271.399635	157
2307.169708	170
2342.939781	146
2378.709854	168
2414.479927	167
2450.25	181
2486.020073	148
2521.790146	203
2557.560219	151
2593.330292	179
2629.100365	148
2664.870438	167
2700.640511	174
2736.410584	158
2772.180657	160
2807.95073	165
2843.720803	149
2879.490876	126
2915.260949	129
2951.031022	128
2986.801095	129
3022.571168	122
3058.341241	127
3094.111314	111
3129.881387	80
3165.65146	118
3201.421533	118
3237.191606	123
3272.961679	116
3308.731752	117
3344.501825	109
3380.271898	112
3416.041971	105
3451.812044	104
3487.582117	107
3523.35219	111
3559.122263	97
3594.892336	95
3630.662409	81
3666.432482	102
3702.202555	104
3737.972628	96
3773.742701	104
3809.512774	109
3845.282847	115
3881.05292	96
3916.822993	89
3952.593066	88
3988.363139	113
4024.133212	96
4059.903285	90
4095.673358	109
4131.443431	114
4167.213504	101
4202.983577	109
4238.75365	94
4274.523723	79
4310.293796	88
4346.063869	92
4381.833942	107
4417.604015	100
4453.374088	99
4489.144161	109
4524.914234	100
4560.684307	86
4596.45438	96
4632.224453	107
4667.994526	120
4703.764599	92
4739.534672	113
4775.304745	99
4811.074818	103
4846.844891	110
4882.614964	107
4918.385036	112
4954.155109	87
4989.925182	105
5025.695255	107
5061.465328	110
5097.235401	113
5133.005474	126
5168.775547	106
5204.54562	132
5240.315693	98
5276.085766	102
5311.855839	100
5347.625912	116
5383.395985	122
5419.166058	114
5454.936131	105
5490.706204	132
5526.476277	127
5562.24635	113
5598.016423	112
5633.786496	112
5669.556569	98
5705.326642	128
5741.096715	91
5776.866788	95
5812.636861	105
5848.406934	92
5884.177007	100
5919.94708	109
5955.717153	100
5991.487226	101
6027.257299	87
6063.027372	95
6098.797445	85
6134.567518	82
6170.337591	86
6206.107664	82
6241.877737	78
6277.64781	91
6313.417883	71
6349.187956	86
6384.958029	86
6420.728102	76
6456.498175	75
6492.268248	68
6528.038321	81
6563.808394	80
6599.578467	74
6635.34854	83
6671.118613	86
6706.888686	72
6742.658759	73
6778.428832	78
6814.198905	81
6849.968978	74
6885.739051	79
6921.509124	87
6957.279197	79
6993.04927	81
7028.819343	86
7064.589416	111
7100.359489	107
7136.129562	103
7171.899635	109
7207.669708	105
7243.439781	112
7279.209854	104
7314.979927	127
7350.75	116
7386.520073	123
7422.290146	122
7458.060219	125
7493.830292	135
7529.600365	120
7565.370438	124
7601.140511	177
7636.910584	140
7672.680657	150
7708.45073	142
7744.220803	146
7779.990876	160
7815.760949	131
7851.531022	132
7887.301095	137
7923.071168	133
7958.841241	129
7994.611314	122
8030.381387	120
8066.15146	137
8101.921533	111
8137.691606	141
8173.461679	128
8209.231752	98
8245.001825	109
8280.771898	105
8316.541971	78
8352.312044	90
8388.082117	94
8423.85219	85
8459.622263	76
8495.392336	67
8531.162409	68
8566.932482	53
8602.702555	57
8638.472628	38
8674.242701	36
8710.012774	33
8745.782847	27
8781.55292	24
8817.322993	32
8853.093066	21
8888.863139	20
8924.633212	15
8960.403285	15
8996.173358	8
9031.943431	10
9067.713504	11
9103.483577	5
9139.25365	11
9175.023723	4
9210.793796	8
9246.563869	1
9282.333942	3
9318.104015	3
9353.874088	2
9389.644161	4
9425.414234	3
9461.184307	4
9496.95438	0
9532.724453	1
9568.494526	1
9604.264599	0
9640.034672	0
9675.804745	0
9711.574818	2
9747.344891	0
9783.114964	1
