Pulseheight/Count
17.8850365	0
53.65510949	22
89.42518248	39
125.1952555	53
160.9653285	60
196.7354015	43
232.5054745	55
268.2755474	68
304.0456204	55
339.8156934	69
375.5857664	62
411.3558394	80
447.1259124	71
482.8959854	84
518.6660584	75
554.4361314	69
590.2062044	68
625.9762774	93
661.7463504	96
697.5164234	101
733.2864964	98
769.0565693	85
804.8266423	89
840.5967153	95
876.3667883	86
912.1368613	115
947.9069343	113
983.6770073	159
1019.44708	196
1055.217153	242
1090.987226	281
1126.757299	295
1162.527372	214
1198.297445	223
1234.067518	191
1269.837591	200
1305.607664	174
1341.377737	156
1377.14781	158
1412.917883	152
1448.687956	144
1484.458029	124
1520.228102	123
1555.998175	146
1591.768248	132
1627.538321	136
1663.308394	130
1699.078467	145
1734.84854	148
1770.618613	167
1806.388686	162
1842.158759	147
1877.928832	152
1913.698905	138
1949.468978	137
1985.239051	136
2021.009124	140
2056.779197	125
2092.54927	120
2128.319343	153
2164.089416	139
2199.859489	136
2235.629562	150
2271.399635	143
2307.169708	133
2342.939781	116
2378.709854	140
2414.479927	118
2450.25	119
2486.020073	132
2521.790146	111
2557.560219	99
2593.330292	126
2629.100365	138
2664.870438	118
2700.640511	118
2736.410584	105
2772.180657	106
2807.95073	100
2843.720803	102
2879.490876	106
2915.260949	81
2951.031022	111
2986.801095	119
3022.571168	103
3058.341241	90
3094.111314	100
3129.881387	80
3165.65146	97
3201.421533	88
3237.191606	91
3272.961679	97
3308.731752	72
3344.501825	78
3380.271898	93
3416.041971	96
3451.812044	85
3487.582117	94
3523.35219	96
3559.122263	85
3594.892336	82
3630.662409	91
3666.432482	95
3702.202555	98
3737.972628	76
3773.742701	74
3809.512774	81
3845.282847	70
3881.05292	78
3916.822993	89
3952.593066	92
3988.363139	108
4024.133212	86
4059.903285	111
4095.673358	92
4131.443431	98
4167.213504	97
4202.983577	108
4238.75365	93
4274.523723	105
4310.293796	102
4346.063869	123
4381.833942	109
4417.604015	112
4453.374088	116
4489.144161	126
4524.914234	110
4560.684307	110
4596.45438	113
4632.224453	122
4667.994526	128
4703.764599	116
4739.534672	123
4775.304745	121
4811.074818	126
4846.844891	139
4882.614964	119
4918.385036	95
4954.155109	85
4989.925182	117
5025.695255	106
5061.465328	105
5097.235401	96
5133.005474	106
5168.775547	94
5204.54562	93
5240.315693	74
5276.085766	85
5311.855839	85
5347.625912	84
5383.395985	83
5419.166058	86
5454.936131	76
5490.706204	94
5526.476277	102
5562.24635	96
5598.016423	101
5633.786496	100
5669.556569	90
5705.326642	103
5741.096715	108
5776.866788	107
5812.636861	89
5848.406934	104
5884.177007	117
5919.94708	132
5955.717153	120
5991.487226	130
6027.257299	154
6063.027372	140
6098.797445	132
6134.567518	145
6170.337591	151
6206.107664	121
6241.877737	160
6277.64781	144
6313.417883	146
6349.187956	140
6384.958029	156
6420.728102	140
6456.498175	128
6492.268248	132
6528.038321	121
6563.808394	128
6599.578467	101
6635.34854	119
6671.118613	117
6706.888686	119
6742.658759	100
6778.428832	77
6814.198905	76
6849.968978	63
6885.739051	81
6921.509124	62
6957.279197	63
6993.04927	51
7028.819343	62
7064.589416	53
7100.359489	44
7136.129562	46
7171.899635	42
7207.669708	52
7243.439781	42
7279.209854	36
7314.979927	20
7350.75	22
7386.520073	38
7422.290146	25
7458.060219	14
7493.830292	21
7529.600365	16
7565.370438	16
7601.140511	25
7636.910584	20
7672.680657	19
7708.45073	13
7744.220803	29
7779.990876	22
7815.760949	13
7851.531022	21
7887.301095	22
7923.071168	20
7958.841241	16
7994.611314	12
8030.381387	20
8066.15146	28
8101.921533	12
8137.691606	25
8173.461679	21
8209.231752	11
8245.001825	8
8280.771898	28
8316.541971	20
8352.312044	18
8388.082117	12
8423.85219	15
8459.622263	20
8495.392336	10
8531.162409	9
8566.932482	10
8602.702555	8
8638.472628	12
8674.242701	12
8710.012774	8
8745.782847	7
8781.55292	9
8817.322993	7
8853.093066	5
8888.863139	7
8924.633212	6
8960.403285	4
8996.173358	1
9031.943431	4
9067.713504	5
9103.483577	0
9139.25365	2
9175.023723	0
9210.793796	5
9246.563869	2
9282.333942	1
9318.104015	2
9353.874088	1
9389.644161	1
9425.414234	2
9461.184307	1
9496.95438	0
9532.724453	1
9568.494526	0
9604.264599	2
9640.034672	5
9675.804745	0
9711.574818	1
9747.344891	0
9783.114964	2
