Pulseheight
18.0657
54.1971
90.3285
126.4599
162.5912
198.7226
234.8540
270.9854
307.1168
343.2482
379.3796
415.5109
451.6423
487.7737
523.9051
560.0365
596.1679
632.2993
668.4307
704.5620
740.6934
776.8248
812.9562
849.0876
885.2190
921.3504
957.4818
993.6131
1029.7445
1065.8759
1102.0073
1138.1387
1174.2701
1210.4015
1246.5328
1282.6642
1318.7956
1354.9270
1391.0584
1427.1898
1463.3212
1499.4526
1535.5839
1571.7153
1607.8467
1643.9781
1680.1095
1716.2409
1752.3723
1788.5036
1824.6350
1860.7664
1896.8978
1933.0292
1969.1606
2005.2920
2041.4234
2077.5547
2113.6861
2149.8175
2185.9489
2222.0803
2258.2117
2294.3431
2330.4745
2366.6058
2402.7372
2438.8686
2475.0000
2511.1314
2547.2628
2583.3942
2619.5255
2655.6569
2691.7883
2727.9197
2764.0511
2800.1825
2836.3139
2872.4453
2908.5766
2944.7080
2980.8394
3016.9708
3053.1022
3089.2336
3125.3650
3161.4964
3197.6277
3233.7591
3269.8905
3306.0219
3342.1533
3378.2847
3414.4161
3450.5474
3486.6788
3522.8102
3558.9416
3595.0730
3631.2044
3667.3358
3703.4672
3739.5985
3775.7299
3811.8613
3847.9927
3884.1241
3920.2555
3956.3869
3992.5182
4028.6496
4064.7810
4100.9124
4137.0438
4173.1752
4209.3066
4245.4380
4281.5693
4317.7007
4353.8321
4389.9635
4426.0949
4462.2263
4498.3577
4534.4891
4570.6204
4606.7518
4642.8832
4679.0146
4715.1460
4751.2774
4787.4088
4823.5401
4859.6715
4895.8029
4931.9343
4968.0657
5004.1971
5040.3285
5076.4599
5112.5912
5148.7226
5184.8540
5220.9854
5257.1168
5293.2482
5329.3796
5365.5109
5401.6423
5437.7737
5473.9051
5510.0365
5546.1679
5582.2993
5618.4307
5654.5620
5690.6934
5726.8248
5762.9562
5799.0876
5835.2190
5871.3504
5907.4818
5943.6131
5979.7445
6015.8759
6052.0073
6088.1387
6124.2701
6160.4015
6196.5328
6232.6642
6268.7956
6304.9270
6341.0584
6377.1898
6413.3212
6449.4526
6485.5839
6521.7153
6557.8467
6593.9781
6630.1095
6666.2409
6702.3723
6738.5036
6774.6350
6810.7664
6846.8978
6883.0292
6919.1606
6955.2920
6991.4234
7027.5547
7063.6861
7099.8175
7135.9489
7172.0803
7208.2117
7244.3431
7280.4745
7316.6058
7352.7372
7388.8686
7425.0000
7461.1314
7497.2628
7533.3942
7569.5255
7605.6569
7641.7883
7677.9197
7714.0511
7750.1825
7786.3139
7822.4453
7858.5766
7894.7080
7930.8394
7966.9708
8003.1022
8039.2336
8075.3650
8111.4964
8147.6277
8183.7591
8219.8905
8256.0219
8292.1533
8328.2847
8364.4161
8400.5474
8436.6788
8472.8102
8508.9416
8545.0730
8581.2044
8617.3358
8653.4672
8689.5985
8725.7299
8761.8613
8797.9927
8834.1241
8870.2555
8906.3869
8942.5182
8978.6496
9014.7810
9050.9124
9087.0438
9123.1752
9159.3066
9195.4380
9231.5693
9267.7007
9303.8321
9339.9635
9376.0949
9412.2263
9448.3577
9484.4891
9520.6204
9556.7518
9592.8832
9629.0146
9665.1460
9701.2774
9737.4088
9773.5401
9809.6715
9845.8029
9881.9343
