Pulseheight/Count
7.8850365	0
53.65510949	3
89.42518248	6
125.1952555	17
160.9653285	32
196.7354015	100
232.5054745	239
268.2755474	496
304.0456204	579
339.8156934	624
375.5857664	534
411.3558394	438
447.1259124	492
482.8959854	382
518.6660584	206
554.4361314	54
590.2062044	20
625.9762774	20
661.7463504	27
697.5164234	44
733.2864964	61
769.0565693	189
804.8266423	512
840.5967153	1360
876.3667883	2147
912.1368613	2563
947.9069343	1811
983.6770073	906
1019.44708	329
1055.217153	87
1090.987226	46
1126.757299	44
1162.527372	28
1198.297445	38
1234.067518	33
1269.837591	33
1305.607664	43
1341.377737	23
1377.14781	38
1412.917883	30
1448.687956	27
1484.458029	27
1520.228102	29
1555.998175	27
1591.768248	34
1627.538321	22
1663.308394	16
1699.078467	33
1734.84854	32
1770.618613	30
1806.388686	24
1842.158759	29
1877.928832	18
1913.698905	34
1949.468978	17
1985.239051	22
2021.009124	35
2056.779197	32
2092.54927	28
2128.319343	37
2164.089416	26
2199.859489	31
2235.629562	25
2271.399635	30
2307.169708	28
2342.939781	27
2378.709854	26
2414.479927	26
2450.25	23
2486.020073	27
2521.790146	29
2557.560219	24
2593.330292	23
2629.100365	33
2664.870438	28
2700.640511	23
2736.410584	24
2772.180657	9
2807.95073	19
2843.720803	19
2879.490876	10
2915.260949	13
2951.031022	7
2986.801095	10
3022.571168	7
3058.341241	2
3094.111314	4
3129.881387	8
3165.65146	3
3201.421533	4
3237.191606	6
3272.961679	5
3308.731752	1
3344.501825	4
3380.271898	5
3416.041971	3
3451.812044	5
3487.582117	2
3523.35219	5
3559.122263	6
3594.892336	2
3630.662409	2
3666.432482	3
3702.202555	4
3737.972628	3
3773.742701	0
3809.512774	0
3845.282847	5
3881.05292	1
3916.822993	2
3952.593066	7
3988.363139	3
4024.133212	1
4059.903285	3
4095.673358	1
4131.443431	0
4167.213504	0
4202.983577	1
4238.75365	1
4274.523723	3
4310.293796	3
4346.063869	0
4381.833942	3
4417.604015	2
4453.374088	6
4489.144161	4
4524.914234	1
4560.684307	4
4596.45438	2
4632.224453	1
4667.994526	4
4703.764599	2
4739.534672	1
4775.304745	1
4811.074818	2
4846.844891	2
4882.614964	4
4918.385036	2
4954.155109	2
4989.925182	4
5025.695255	1
5061.465328	2
5097.235401	3
5133.005474	2
5168.775547	0
5204.54562	0
5240.315693	2
5276.085766	0
5311.855839	2
5347.625912	1
5383.395985	1
5419.166058	0
5454.936131	2
5490.706204	2
5526.476277	1
5562.24635	2
5598.016423	0
5633.786496	1
5669.556569	2
5705.326642	1
5741.096715	0
5776.866788	1
5812.636861	4
5848.406934	1
5884.177007	1
5919.94708	2
5955.717153	1
5991.487226	1
6027.257299	3
6063.027372	2
6098.797445	1
6134.567518	0
6170.337591	0
6206.107664	0
6241.877737	0
6277.64781	2
6313.417883	0
6349.187956	3
6384.958029	0
6420.728102	1
6456.498175	1
6492.268248	0
6528.038321	1
6563.808394	0
6599.578467	3
6635.34854	0
6671.118613	1
6706.888686	0
6742.658759	1
6778.428832	1
6814.198905	1
6849.968978	2
6885.739051	0
6921.509124	1
6957.279197	3
6993.04927	0
7028.819343	1
7064.589416	1
7100.359489	2
7136.129562	2
7171.899635	1
7207.669708	3
7243.439781	5
7279.209854	0
7314.979927	0
7350.75	1
7386.520073	3
7422.290146	0
7458.060219	2
7493.830292	0
7529.600365	1
7565.370438	5
7601.140511	1
7636.910584	0
7672.680657	2
7708.45073	1
7744.220803	1
7779.990876	0
7815.760949	4
7851.531022	1
7887.301095	3
7923.071168	0
7958.841241	2
7994.611314	1
8030.381387	2
8066.15146	2
8101.921533	1
8137.691606	1
8173.461679	0
8209.231752	1
8245.001825	0
8280.771898	0
8316.541971	2
8352.312044	0
8388.082117	1
8423.85219	1
8459.622263	0
8495.392336	0
8531.162409	0
8566.932482	0
8602.702555	0
8638.472628	0
8674.242701	0
8710.012774	0
8745.782847	0
8781.55292	0
8817.322993	0
8853.093066	1
8888.863139	0
8924.633212	0
8960.403285	0
8996.173358	0
9031.943431	1
9067.713504	1
9103.483577	1
9139.25365	1
9175.023723	0
9210.793796	1
9246.563869	3
9282.333942	0
9318.104015	0
9353.874088	0
9389.644161	0
9425.414234	0
9461.184307	1
9496.95438	0
9532.724453	1
9568.494526	0
9604.264599	1
9640.034672	0
9675.804745	0
9711.574818	0
9747.344891	0
9783.114964	0
