Pulseheight/Count
17.8850365	1
53.65510949	17
89.42518248	37
125.1952555	63
160.9653285	53
196.7354015	57
232.5054745	67
268.2755474	70
304.0456204	67
339.8156934	79
375.5857664	98
411.3558394	76
447.1259124	96
482.8959854	92
518.6660584	76
554.4361314	91
590.2062044	90
625.9762774	93
661.7463504	111
697.5164234	98
733.2864964	111
769.0565693	66
804.8266423	88
840.5967153	97
876.3667883	85
912.1368613	111
947.9069343	109
983.6770073	141
1019.44708	172
1055.217153	187
1090.987226	215
1126.757299	209
1162.527372	162
1198.297445	163
1234.067518	144
1269.837591	140
1305.607664	118
1341.377737	117
1377.14781	98
1412.917883	105
1448.687956	101
1484.458029	92
1520.228102	101
1555.998175	103
1591.768248	105
1627.538321	95
1663.308394	96
1699.078467	93
1734.84854	97
1770.618613	97
1806.388686	83
1842.158759	89
1877.928832	101
1913.698905	93
1949.468978	111
1985.239051	104
2021.009124	119
2056.779197	93
2092.54927	106
2128.319343	111
2164.089416	122
2199.859489	118
2235.629562	114
2271.399635	95
2307.169708	104
2342.939781	108
2378.709854	110
2414.479927	104
2450.25	129
2486.020073	146
2521.790146	122
2557.560219	123
2593.330292	142
2629.100365	108
2664.870438	118
2700.640511	146
2736.410584	129
2772.180657	119
2807.95073	116
2843.720803	112
2879.490876	106
2915.260949	121
2951.031022	136
2986.801095	111
3022.571168	118
3058.341241	98
3094.111314	111
3129.881387	109
3165.65146	86
3201.421533	118
3237.191606	108
3272.961679	100
3308.731752	96
3344.501825	107
3380.271898	117
3416.041971	98
3451.812044	116
3487.582117	108
3523.35219	93
3559.122263	103
3594.892336	106
3630.662409	106
3666.432482	95
3702.202555	88
3737.972628	96
3773.742701	97
3809.512774	112
3845.282847	103
3881.05292	109
3916.822993	97
3952.593066	107
3988.363139	114
4024.133212	93
4059.903285	87
4095.673358	102
4131.443431	103
4167.213504	120
4202.983577	97
4238.75365	108
4274.523723	93
4310.293796	119
4346.063869	112
4381.833942	85
4417.604015	94
4453.374088	102
4489.144161	106
4524.914234	100
4560.684307	120
4596.45438	105
4632.224453	111
4667.994526	105
4703.764599	106
4739.534672	89
4775.304745	109
4811.074818	116
4846.844891	95
4882.614964	119
4918.385036	89
4954.155109	101
4989.925182	112
5025.695255	128
5061.465328	117
5097.235401	116
5133.005474	90
5168.775547	122
5204.54562	117
5240.315693	129
5276.085766	109
5311.855839	104
5347.625912	98
5383.395985	93
5419.166058	97
5454.936131	102
5490.706204	103
5526.476277	100
5562.24635	118
5598.016423	94
5633.786496	103
5669.556569	121
5705.326642	77
5741.096715	90
5776.866788	103
5812.636861	104
5848.406934	84
5884.177007	111
5919.94708	77
5955.717153	97
5991.487226	82
6027.257299	84
6063.027372	73
6098.797445	85
6134.567518	75
6170.337591	81
6206.107664	74
6241.877737	80
6277.64781	70
6313.417883	58
6349.187956	68
6384.958029	70
6420.728102	78
6456.498175	74
6492.268248	60
6528.038321	78
6563.808394	61
6599.578467	64
6635.34854	57
6671.118613	63
6706.888686	67
6742.658759	74
6778.428832	58
6814.198905	62
6849.968978	57
6885.739051	69
6921.509124	54
6957.279197	58
6993.04927	51
7028.819343	53
7064.589416	59
7100.359489	55
7136.129562	58
7171.899635	70
7207.669708	62
7243.439781	56
7279.209854	57
7314.979927	69
7350.75	69
7386.520073	73
7422.290146	90
7458.060219	108
7493.830292	75
7529.600365	96
7565.370438	104
7601.140511	111
7636.910584	153
7672.680657	130
7708.45073	142
7744.220803	166
7779.990876	168
7815.760949	177
7851.531022	192
7887.301095	193
7923.071168	200
7958.841241	200
7994.611314	222
8030.381387	221
8066.15146	224
8101.921533	234
8137.691606	231
8173.461679	242
8209.231752	200
8245.001825	217
8280.771898	235
8316.541971	215
8352.312044	189
8388.082117	182
8423.85219	191
8459.622263	161
8495.392336	126
8531.162409	145
8566.932482	142
8602.702555	127
8638.472628	125
8674.242701	130
8710.012774	90
8745.782847	99
8781.55292	89
8817.322993	70
8853.093066	70
8888.863139	65
8924.633212	47
8960.403285	47
8996.173358	41
9031.943431	33
9067.713504	26
9103.483577	29
9139.25365	28
9175.023723	17
9210.793796	9
9246.563869	8
9282.333942	12
9318.104015	8
9353.874088	9
9389.644161	6
9425.414234	7
9461.184307	3
9496.95438	2
9532.724453	5
9568.494526	4
9604.264599	4
9640.034672	1
9675.804745	2
9711.574818	0
9747.344891	0
9783.114964	1
