Pulseheight/Count
17.8850365	0
53.65510949	7
89.42518248	28
125.1952555	22
160.9653285	30
196.7354015	37
232.5054745	38
268.2755474	40
304.0456204	43
339.8156934	45
375.5857664	50
411.3558394	56
447.1259124	51
482.8959854	43
518.6660584	67
554.4361314	56
590.2062044	63
625.9762774	59
661.7463504	68
697.5164234	78
733.2864964	67
769.0565693	63
804.8266423	57
840.5967153	56
876.3667883	90
912.1368613	79
947.9069343	95
983.6770073	104
1019.44708	147
1055.217153	174
1090.987226	237
1126.757299	230
1162.527372	189
1198.297445	177
1234.067518	160
1269.837591	139
1305.607664	113
1341.377737	96
1377.14781	109
1412.917883	108
1448.687956	111
1484.458029	107
1520.228102	108
1555.998175	107
1591.768248	109
1627.538321	111
1663.308394	135
1699.078467	109
1734.84854	104
1770.618613	128
1806.388686	122
1842.158759	125
1877.928832	101
1913.698905	106
1949.468978	112
1985.239051	100
2021.009124	117
2056.779197	117
2092.54927	109
2128.319343	97
2164.089416	106
2199.859489	95
2235.629562	99
2271.399635	104
2307.169708	110
2342.939781	102
2378.709854	89
2414.479927	99
2450.25	86
2486.020073	99
2521.790146	84
2557.560219	72
2593.330292	87
2629.100365	88
2664.870438	76
2700.640511	82
2736.410584	81
2772.180657	107
2807.95073	88
2843.720803	74
2879.490876	61
2915.260949	75
2951.031022	54
2986.801095	80
3022.571168	69
3058.341241	49
3094.111314	65
3129.881387	66
3165.65146	68
3201.421533	74
3237.191606	69
3272.961679	76
3308.731752	75
3344.501825	73
3380.271898	64
3416.041971	83
3451.812044	82
3487.582117	67
3523.35219	72
3559.122263	92
3594.892336	83
3630.662409	79
3666.432482	83
3702.202555	80
3737.972628	95
3773.742701	96
3809.512774	93
3845.282847	93
3881.05292	96
3916.822993	100
3952.593066	95
3988.363139	103
4024.133212	103
4059.903285	99
4095.673358	101
4131.443431	99
4167.213504	90
4202.983577	82
4238.75365	87
4274.523723	99
4310.293796	78
4346.063869	87
4381.833942	90
4417.604015	74
4453.374088	87
4489.144161	91
4524.914234	102
4560.684307	86
4596.45438	97
4632.224453	123
4667.994526	105
4703.764599	122
4739.534672	105
4775.304745	119
4811.074818	122
4846.844891	121
4882.614964	136
4918.385036	151
4954.155109	160
4989.925182	161
5025.695255	142
5061.465328	135
5097.235401	123
5133.005474	124
5168.775547	116
5204.54562	113
5240.315693	128
5276.085766	103
5311.855839	92
5347.625912	108
5383.395985	91
5419.166058	83
5454.936131	77
5490.706204	79
5526.476277	66
5562.24635	65
5598.016423	67
5633.786496	48
5669.556569	37
5705.326642	40
5741.096715	43
5776.866788	32
5812.636861	36
5848.406934	31
5884.177007	27
5919.94708	29
5955.717153	22
5991.487226	19
6027.257299	21
6063.027372	20
6098.797445	22
6134.567518	13
6170.337591	25
6206.107664	17
6241.877737	17
6277.64781	13
6313.417883	14
6349.187956	19
6384.958029	11
6420.728102	11
6456.498175	9
6492.268248	9
6528.038321	8
6563.808394	11
6599.578467	14
6635.34854	9
6671.118613	9
6706.888686	9
6742.658759	10
6778.428832	11
6814.198905	8
6849.968978	7
6885.739051	7
6921.509124	8
6957.279197	3
6993.04927	9
7028.819343	9
7064.589416	9
7100.359489	8
7136.129562	3
7171.899635	5
7207.669708	6
7243.439781	6
7279.209854	6
7314.979927	5
7350.75	10
7386.520073	5
7422.290146	8
7458.060219	3
7493.830292	6
7529.600365	9
7565.370438	6
7601.140511	6
7636.910584	8
7672.680657	5
7708.45073	14
7744.220803	4
7779.990876	2
7815.760949	7
7851.531022	9
7887.301095	4
7923.071168	9
7958.841241	5
7994.611314	8
8030.381387	7
8066.15146	8
8101.921533	5
8137.691606	5
8173.461679	5
8209.231752	6
8245.001825	6
8280.771898	5
8316.541971	0
8352.312044	8
8388.082117	9
8423.85219	3
8459.622263	2
8495.392336	5
8531.162409	2
8566.932482	4
8602.702555	3
8638.472628	0
8674.242701	2
8710.012774	6
8745.782847	4
8781.55292	2
8817.322993	2
8853.093066	5
8888.863139	3
8924.633212	1
8960.403285	2
8996.173358	1
9031.943431	0
9067.713504	1
9103.483577	1
9139.25365	0
9175.023723	2
9210.793796	0
9246.563869	1
9282.333942	1
9318.104015	1
9353.874088	2
9389.644161	3
9425.414234	1
9461.184307	2
9496.95438	0
9532.724453	0
9568.494526	1
9604.264599	1
9640.034672	1
9675.804745	1
9711.574818	0
9747.344891	5
9783.114964	1
