Pulseheight/Count
17.8850365	0
53.65510949	10
89.42518248	21
125.1952555	32
160.9653285	29
196.7354015	32
232.5054745	28
268.2755474	36
304.0456204	32
339.8156934	38
375.5857664	42
411.3558394	46
447.1259124	42
482.8959854	29
518.6660584	46
554.4361314	52
590.2062044	51
625.9762774	27
661.7463504	42
697.5164234	43
733.2864964	53
769.0565693	55
804.8266423	64
840.5967153	46
876.3667883	39
912.1368613	51
947.9069343	52
983.6770073	55
1019.44708	70
1055.217153	91
1090.987226	104
1126.757299	110
1162.527372	89
1198.297445	88
1234.067518	97
1269.837591	67
1305.607664	71
1341.377737	60
1377.14781	54
1412.917883	63
1448.687956	51
1484.458029	72
1520.228102	68
1555.998175	65
1591.768248	52
1627.538321	62
1663.308394	45
1699.078467	64
1734.84854	72
1770.618613	67
1806.388686	61
1842.158759	56
1877.928832	62
1913.698905	48
1949.468978	57
1985.239051	63
2021.009124	74
2056.779197	63
2092.54927	56
2128.319343	58
2164.089416	60
2199.859489	63
2235.629562	55
2271.399635	63
2307.169708	61
2342.939781	75
2378.709854	75
2414.479927	65
2450.25	57
2486.020073	72
2521.790146	65
2557.560219	62
2593.330292	49
2629.100365	60
2664.870438	59
2700.640511	66
2736.410584	59
2772.180657	63
2807.95073	58
2843.720803	70
2879.490876	60
2915.260949	54
2951.031022	45
2986.801095	46
3022.571168	45
3058.341241	63
3094.111314	52
3129.881387	50
3165.65146	63
3201.421533	53
3237.191606	58
3272.961679	57
3308.731752	50
3344.501825	55
3380.271898	39
3416.041971	42
3451.812044	37
3487.582117	56
3523.35219	46
3559.122263	44
3594.892336	51
3630.662409	52
3666.432482	56
3702.202555	45
3737.972628	56
3773.742701	43
3809.512774	46
3845.282847	42
3881.05292	47
3916.822993	41
3952.593066	53
3988.363139	54
4024.133212	48
4059.903285	37
4095.673358	38
4131.443431	36
4167.213504	58
4202.983577	26
4238.75365	34
4274.523723	32
4310.293796	31
4346.063869	27
4381.833942	28
4417.604015	34
4453.374088	32
4489.144161	32
4524.914234	39
4560.684307	29
4596.45438	23
4632.224453	24
4667.994526	26
4703.764599	18
4739.534672	22
4775.304745	36
4811.074818	22
4846.844891	23
4882.614964	15
4918.385036	19
4954.155109	16
4989.925182	24
5025.695255	19
5061.465328	14
5097.235401	19
5133.005474	21
5168.775547	26
5204.54562	14
5240.315693	21
5276.085766	18
5311.855839	17
5347.625912	20
5383.395985	20
5419.166058	19
5454.936131	19
5490.706204	20
5526.476277	20
5562.24635	15
5598.016423	14
5633.786496	19
5669.556569	25
5705.326642	24
5741.096715	15
5776.866788	22
5812.636861	43
5848.406934	30
5884.177007	41
5919.94708	55
5955.717153	49
5991.487226	55
6027.257299	75
6063.027372	81
6098.797445	86
6134.567518	111
6170.337591	96
6206.107664	127
6241.877737	139
6277.64781	125
6313.417883	164
6349.187956	169
6384.958029	147
6420.728102	151
6456.498175	165
6492.268248	155
6528.038321	145
6563.808394	156
6599.578467	137
6635.34854	118
6671.118613	119
6706.888686	102
6742.658759	114
6778.428832	97
6814.198905	87
6849.968978	69
6885.739051	69
6921.509124	52
6957.279197	60
6993.04927	44
7028.819343	43
7064.589416	25
7100.359489	27
7136.129562	25
7171.899635	22
7207.669708	20
7243.439781	20
7279.209854	16
7314.979927	13
7350.75	16
7386.520073	13
7422.290146	11
7458.060219	10
7493.830292	17
7529.600365	8
7565.370438	4
7601.140511	9
7636.910584	13
7672.680657	10
7708.45073	9
7744.220803	10
7779.990876	8
7815.760949	9
7851.531022	7
7887.301095	5
7923.071168	4
7958.841241	10
7994.611314	9
8030.381387	10
8066.15146	10
8101.921533	6
8137.691606	12
8173.461679	13
8209.231752	9
8245.001825	11
8280.771898	3
8316.541971	7
8352.312044	9
8388.082117	12
8423.85219	7
8459.622263	6
8495.392336	8
8531.162409	10
8566.932482	11
8602.702555	9
8638.472628	11
8674.242701	6
8710.012774	11
8745.782847	5
8781.55292	5
8817.322993	9
8853.093066	6
8888.863139	10
8924.633212	7
8960.403285	9
8996.173358	9
9031.943431	11
9067.713504	14
9103.483577	10
9139.25365	7
9175.023723	10
9210.793796	15
9246.563869	11
9282.333942	8
9318.104015	6
9353.874088	10
9389.644161	7
9425.414234	10
9461.184307	5
9496.95438	5
9532.724453	11
9568.494526	13
9604.264599	6
9640.034672	9
9675.804745	6
9711.574818	16
9747.344891	13
9783.114964	6
