Pulseheight/Count
17.8850365	0
53.65510949	14
89.42518248	18
125.1952555	20
160.9653285	29
196.7354015	18
232.5054745	26
268.2755474	25
304.0456204	27
339.8156934	30
375.5857664	26
411.3558394	37
447.1259124	40
482.8959854	39
518.6660584	39
554.4361314	35
590.2062044	32
625.9762774	27
661.7463504	49
697.5164234	42
733.2864964	35
769.0565693	48
804.8266423	47
840.5967153	42
876.3667883	49
912.1368613	74
947.9069343	96
983.6770073	107
1019.44708	108
1055.217153	128
1090.987226	156
1126.757299	144
1162.527372	135
1198.297445	130
1234.067518	116
1269.837591	122
1305.607664	107
1341.377737	101
1377.14781	92
1412.917883	120
1448.687956	79
1484.458029	87
1520.228102	93
1555.998175	108
1591.768248	122
1627.538321	113
1663.308394	111
1699.078467	137
1734.84854	144
1770.618613	150
1806.388686	131
1842.158759	133
1877.928832	157
1913.698905	123
1949.468978	119
1985.239051	117
2021.009124	110
2056.779197	108
2092.54927	103
2128.319343	105
2164.089416	84
2199.859489	93
2235.629562	73
2271.399635	98
2307.169708	89
2342.939781	100
2378.709854	90
2414.479927	107
2450.25	90
2486.020073	82
2521.790146	98
2557.560219	81
2593.330292	84
2629.100365	111
2664.870438	101
2700.640511	102
2736.410584	112
2772.180657	97
2807.95073	95
2843.720803	84
2879.490876	95
2915.260949	85
2951.031022	77
2986.801095	88
3022.571168	93
3058.341241	83
3094.111314	88
3129.881387	90
3165.65146	110
3201.421533	80
3237.191606	90
3272.961679	114
3308.731752	124
3344.501825	123
3380.271898	138
3416.041971	128
3451.812044	148
3487.582117	154
3523.35219	162
3559.122263	168
3594.892336	171
3630.662409	185
3666.432482	188
3702.202555	192
3737.972628	195
3773.742701	173
3809.512774	155
3845.282847	146
3881.05292	117
3916.822993	116
3952.593066	98
3988.363139	117
4024.133212	73
4059.903285	60
4095.673358	57
4131.443431	47
4167.213504	46
4202.983577	50
4238.75365	41
4274.523723	26
4310.293796	23
4346.063869	32
4381.833942	21
4417.604015	18
4453.374088	28
4489.144161	13
4524.914234	23
4560.684307	24
4596.45438	18
4632.224453	12
4667.994526	9
4703.764599	13
4739.534672	12
4775.304745	9
4811.074818	14
4846.844891	10
4882.614964	10
4918.385036	11
4954.155109	14
4989.925182	10
5025.695255	13
5061.465328	7
5097.235401	8
5133.005474	6
5168.775547	9
5204.54562	5
5240.315693	3
5276.085766	11
5311.855839	4
5347.625912	4
5383.395985	5
5419.166058	4
5454.936131	6
5490.706204	2
5526.476277	4
5562.24635	9
5598.016423	8
5633.786496	6
5669.556569	3
5705.326642	6
5741.096715	6
5776.866788	3
5812.636861	2
5848.406934	5
5884.177007	8
5919.94708	3
5955.717153	8
5991.487226	4
6027.257299	6
6063.027372	7
6098.797445	3
6134.567518	3
6170.337591	3
6206.107664	1
6241.877737	4
6277.64781	4
6313.417883	5
6349.187956	1
6384.958029	4
6420.728102	5
6456.498175	2
6492.268248	4
6528.038321	7
6563.808394	4
6599.578467	1
6635.34854	3
6671.118613	2
6706.888686	3
6742.658759	0
6778.428832	4
6814.198905	2
6849.968978	3
6885.739051	2
6921.509124	3
6957.279197	2
6993.04927	2
7028.819343	3
7064.589416	7
7100.359489	2
7136.129562	4
7171.899635	5
7207.669708	4
7243.439781	2
7279.209854	5
7314.979927	3
7350.75	6
7386.520073	6
7422.290146	2
7458.060219	2
7493.830292	6
7529.600365	0
7565.370438	3
7601.140511	3
7636.910584	0
7672.680657	2
7708.45073	1
7744.220803	3
7779.990876	3
7815.760949	3
7851.531022	5
7887.301095	1
7923.071168	2
7958.841241	2
7994.611314	6
8030.381387	2
8066.15146	5
8101.921533	3
8137.691606	4
8173.461679	0
8209.231752	1
8245.001825	7
8280.771898	5
8316.541971	2
8352.312044	1
8388.082117	3
8423.85219	4
8459.622263	0
8495.392336	2
8531.162409	3
8566.932482	2
8602.702555	3
8638.472628	1
8674.242701	0
8710.012774	2
8745.782847	2
8781.55292	1
8817.322993	2
8853.093066	4
8888.863139	2
8924.633212	2
8960.403285	1
8996.173358	0
9031.943431	2
9067.713504	2
9103.483577	0
9139.25365	1
9175.023723	1
9210.793796	2
9246.563869	1
9282.333942	2
9318.104015	1
9353.874088	0
9389.644161	1
9425.414234	1
9461.184307	0
9496.95438	1
9532.724453	0
9568.494526	0
9604.264599	1
9640.034672	0
9675.804745	5
9711.574818	1
9747.344891	2
9783.114964	2
