Pulseheight/Count
18.0657	    0
54.1971	    2
90.3285	    22
126.4599	91
162.5912	82
198.7226	79
234.8540	53
270.9854	84
307.1168	75
343.2482	53
379.3796	80
415.5109	117
451.6423	195
487.7737	378
523.9051	393
560.0365	263
596.1679	191
632.2993	114
668.4307	111
704.5620	102
740.6934	107
776.8248	115
812.9562	94
849.0876	135
885.2190	114
921.3504	143
957.4818	156
993.6131	141
1029.7445	173
1065.8759	215
1102.0073	255
1138.1387	270
1174.2701	251
1210.4015	233
1246.5328	237
1282.6642	211
1318.7956	202
1354.9270	193
1391.0584	199
1427.1898	175
1463.3212	195
1499.4526	156
1535.5839	174
1571.7153	191
1607.8467	198
1643.9781	177
1680.1095	194
1716.2409	166
1752.3723	212
1788.5036	166
1824.6350	182
1860.7664	162
1896.8978	186
1933.0292	185
1969.1606	184
2005.2920	191
2041.4234	182
2077.5547	158
2113.6861	149
2149.8175	187
2185.9489	183
2222.0803	190
2258.2117	158
2294.3431	157
2330.4745	171
2366.6058	195
2402.7372	208
2438.8686	191
2475.0000	193
2511.1314	199
2547.2628	167
2583.3942	159
2619.5255	193
2655.6569	162
2691.7883	190
2727.9197	199
2764.0511	166
2800.1825	121
2836.3139	167
2872.4453	140
2908.5766	157
2944.7080	131
2980.8394	135
3016.9708	141
3053.1022	123
3089.2336	132
3125.3650	124
3161.4964	102
3197.6277	107
3233.7591	111
3269.8905	123
3306.0219	101
3342.1533	109
3378.2847	118
3414.4161	104
3450.5474	116
3486.6788	107
3522.8102	119
3558.9416	117
3595.0730	103
3631.2044	115
3667.3358	120
3703.4672	105
3739.5985	113
3775.7299	108
3811.8613	114
3847.9927	106
3884.1241	102
3920.2555	110
3956.3869	136
3992.5182	101
4028.6496	104
4064.7810	94
4100.9124	100
4137.0438	104
4173.1752	101
4209.3066	123
4245.4380	96
4281.5693	104
4317.7007	124
4353.8321	97
4389.9635	91
4426.0949	98
4462.2263	85
4498.3577	84
4534.4891	88
4570.6204	83
4606.7518	91
4642.8832	93
4679.0146	117
4715.1460	123
4751.2774	106
4787.4088	95
4823.5401	94
4859.6715	86
4895.8029	96
4931.9343	97
4968.0657	101
5004.1971	83
5040.3285	104
5076.4599	103
5112.5912	77
5148.7226	108
5184.8540	95
5220.9854	97
5257.1168	107
5293.2482	93
5329.3796	98
5365.5109	90
5401.6423	83
5437.7737	85
5473.9051	90
5510.0365	94
5546.1679	96
5582.2993	85
5618.4307	113
5654.5620	90
5690.6934	89
5726.8248	87
5762.9562	87
5799.0876	82
5835.2190	79
5871.3504	83
5907.4818	73
5943.6131	75
5979.7445	69
6015.8759	47
6052.0073	59
6088.1387	60
6124.2701	57
6160.4015	53
6196.5328	60
6232.6642	48
6268.7956	47
6304.9270	44
6341.0584	37
6377.1898	42
6413.3212	37
6449.4526	40
6485.5839	33
6521.7153	43
6557.8467	43
6593.9781	37
6630.1095	37
6666.2409	40
6702.3723	46
6738.5036	42
6774.6350	31
6810.7664	42
6846.8978	25
6883.0292	32
6919.1606	30
6955.2920	33
6991.4234	18
7027.5547	25
7063.6861	35
7099.8175	29
7135.9489	34
7172.0803	33
7208.2117	48
7244.3431	39
7280.4745	27
7316.6058	29
7352.7372	35
7388.8686	37
7425.0000	30
7461.1314	48
7497.2628	56
7533.3942	61
7569.5255	61
7605.6569	71
7641.7883	68
7677.9197	73
7714.0511	87
7750.1825	116
7786.3139	114
7822.4453	129
7858.5766	148
7894.7080	156
7930.8394	177
7966.9708	199
8003.1022	197
8039.2336	226
8075.3650	239
8111.4964	265
8147.6277	262
8183.7591	275
8219.8905	300
8256.0219	293
8292.1533	331
8328.2847	291
8364.4161	303
8400.5474	298
8436.6788	258
8472.8102	252
8508.9416	233
8545.0730	231
8581.2044	210
8617.3358	196
8653.4672	197
8689.5985	195
8725.7299	168
8761.8613	148
8797.9927	126
8834.1241	110
8870.2555	118
8906.3869	111
8942.5182	72
8978.6496	76
9014.7810	66
9050.9124	64
9087.0438	51
9123.1752	43
9159.3066	31
9195.4380	39
9231.5693	27
9267.7007	24
9303.8321	14
9339.9635	22
9376.0949	17
9412.2263	13
9448.3577	3
9484.4891	9
9520.6204	1
9556.7518	2
9592.8832	6
9629.0146	4
9665.1460	7
9701.2774	2
9737.4088	1
9773.5401	2
9809.6715	3
9845.8029	1
9881.9343	1
