Pulseheight/Count
17.8850365	0
53.65510949	4
89.42518248	15
125.1952555	28
160.9653285	36
196.7354015	27
232.5054745	19
268.2755474	41
304.0456204	24
339.8156934	24
375.5857664	21
411.3558394	43
447.1259124	46
482.8959854	37
518.6660584	32
554.4361314	28
590.2062044	52
625.9762774	46
661.7463504	52
697.5164234	54
733.2864964	55
769.0565693	59
804.8266423	50
840.5967153	74
876.3667883	74
912.1368613	83
947.9069343	93
983.6770073	107
1019.44708	181
1055.217153	252
1090.987226	268
1126.757299	254
1162.527372	232
1198.297445	201
1234.067518	188
1269.837591	169
1305.607664	139
1341.377737	138
1377.14781	119
1412.917883	128
1448.687956	101
1484.458029	122
1520.228102	129
1555.998175	147
1591.768248	126
1627.538321	118
1663.308394	144
1699.078467	154
1734.84854	141
1770.618613	154
1806.388686	175
1842.158759	156
1877.928832	166
1913.698905	198
1949.468978	200
1985.239051	180
2021.009124	184
2056.779197	196
2092.54927	208
2128.319343	217
2164.089416	221
2199.859489	231
2235.629562	206
2271.399635	205
2307.169708	236
2342.939781	227
2378.709854	247
2414.479927	281
2450.25	273
2486.020073	277
2521.790146	351
2557.560219	342
2593.330292	378
2629.100365	357
2664.870438	377
2700.640511	421
2736.410584	441
2772.180657	405
2807.95073	380
2843.720803	386
2879.490876	339
2915.260949	296
2951.031022	284
2986.801095	240
3022.571168	180
3058.341241	170
3094.111314	140
3129.881387	115
3165.65146	100
3201.421533	76
3237.191606	82
3272.961679	64
3308.731752	55
3344.501825	51
3380.271898	57
3416.041971	50
3451.812044	41
3487.582117	45
3523.35219	35
3559.122263	25
3594.892336	19
3630.662409	22
3666.432482	22
3702.202555	15
3737.972628	11
3773.742701	16
3809.512774	13
3845.282847	9
3881.05292	9
3916.822993	11
3952.593066	10
3988.363139	9
4024.133212	16
4059.903285	12
4095.673358	8
4131.443431	3
4167.213504	7
4202.983577	6
4238.75365	9
4274.523723	6
4310.293796	4
4346.063869	10
4381.833942	8
4417.604015	9
4453.374088	7
4489.144161	3
4524.914234	8
4560.684307	4
4596.45438	8
4632.224453	4
4667.994526	5
4703.764599	9
4739.534672	8
4775.304745	6
4811.074818	7
4846.844891	6
4882.614964	4
4918.385036	4
4954.155109	5
4989.925182	10
5025.695255	3
5061.465328	4
5097.235401	3
5133.005474	4
5168.775547	2
5204.54562	3
5240.315693	4
5276.085766	7
5311.855839	6
5347.625912	8
5383.395985	7
5419.166058	5
5454.936131	6
5490.706204	4
5526.476277	2
5562.24635	3
5598.016423	1
5633.786496	3
5669.556569	6
5705.326642	3
5741.096715	5
5776.866788	1
5812.636861	4
5848.406934	6
5884.177007	4
5919.94708	3
5955.717153	3
5991.487226	5
6027.257299	4
6063.027372	5
6098.797445	0
6134.567518	2
6170.337591	3
6206.107664	6
6241.877737	5
6277.64781	5
6313.417883	3
6349.187956	0
6384.958029	2
6420.728102	5
6456.498175	3
6492.268248	1
6528.038321	2
6563.808394	2
6599.578467	1
6635.34854	2
6671.118613	4
6706.888686	3
6742.658759	7
6778.428832	2
6814.198905	5
6849.968978	4
6885.739051	2
6921.509124	1
6957.279197	4
6993.04927	2
7028.819343	3
7064.589416	1
7100.359489	2
7136.129562	1
7171.899635	1
7207.669708	3
7243.439781	3
7279.209854	2
7314.979927	1
7350.75	2
7386.520073	0
7422.290146	0
7458.060219	3
7493.830292	3
7529.600365	2
7565.370438	2
7601.140511	3
7636.910584	1
7672.680657	2
7708.45073	1
7744.220803	3
7779.990876	1
7815.760949	1
7851.531022	4
7887.301095	0
7923.071168	5
7958.841241	5
7994.611314	0
8030.381387	1
8066.15146	1
8101.921533	1
8137.691606	3
8173.461679	3
8209.231752	2
8245.001825	1
8280.771898	2
8316.541971	0
8352.312044	1
8388.082117	5
8423.85219	1
8459.622263	2
8495.392336	2
8531.162409	1
8566.932482	2
8602.702555	1
8638.472628	1
8674.242701	1
8710.012774	1
8745.782847	0
8781.55292	1
8817.322993	0
8853.093066	4
8888.863139	2
8924.633212	0
8960.403285	2
8996.173358	1
9031.943431	0
9067.713504	0
9103.483577	0
9139.25365	1
9175.023723	0
9210.793796	2
9246.563869	1
9282.333942	1
9318.104015	0
9353.874088	2
9389.644161	2
9425.414234	0
9461.184307	0
9496.95438	2
9532.724453	0
9568.494526	0
9604.264599	3
9640.034672	0
9675.804745	1
9711.574818	1
9747.344891	1
9783.114964	0
