Pulseheight/Count
16.38795987	0
49.1638796	34
81.93979933	232
114.7157191	157
147.4916388	99
180.2675585	63
213.0434783	34
245.819398	34
278.5953177	28
311.3712375	22
344.1471572	27
376.9230769	29
409.6989967	29
442.4749164	21
475.2508361	28
508.0267559	21
540.8026756	28
573.5785953	30
606.3545151	23
639.1304348	30
671.9063545	22
704.6822742	30
737.458194	30
770.2341137	38
803.0100334	33
835.7859532	43
868.5618729	40
901.3377926	50
934.1137124	56
966.8896321	47
999.6655518	57
1032.441472	60
1065.217391	68
1097.993311	74
1130.769231	82
1163.545151	111
1196.32107	161
1229.09699	193
1261.87291	250
1294.648829	366
1327.424749	420
1360.200669	536
1392.976589	636
1425.752508	725
1458.528428	668
1491.304348	680
1524.080268	657
1556.856187	619
1589.632107	582
1622.408027	497
1655.183946	427
1687.959866	340
1720.735786	307
1753.511706	226
1786.287625	196
1819.063545	203
1851.839465	153
1884.615385	146
1917.391304	111
1950.167224	118
1982.943144	99
2015.719064	93
2048.494983	98
2081.270903	71
2114.046823	62
2146.822742	60
2179.598662	51
2212.374582	52
2245.150502	47
2277.926421	59
2310.702341	49
2343.478261	41
2376.254181	47
2409.0301	48
2441.80602	61
2474.58194	57
2507.35786	56
2540.133779	66
2572.909699	70
2605.685619	76
2638.461538	66
2671.237458	97
2704.013378	101
2736.789298	106
2769.565217	120
2802.341137	126
2835.117057	141
2867.892977	144
2900.668896	162
2933.444816	148
2966.220736	185
2998.996656	219
3031.772575	226
3064.548495	219
3097.324415	224
3130.100334	248
3162.876254	266
3195.652174	274
3228.428094	266
3261.204013	258
3293.979933	265
3326.755853	268
3359.531773	287
3392.307692	254
3425.083612	226
3457.859532	212
3490.635452	202
3523.411371	206
3556.187291	197
3588.963211	196
3621.73913	198
3654.51505	218
3687.29097	195
3720.06689	166
3752.842809	182
3785.618729	171
3818.394649	158
3851.170569	149
3883.946488	158
3916.722408	163
3949.498328	146
3982.274247	139
4015.050167	136
4047.826087	132
4080.602007	136
4113.377926	126
4146.153846	119
4178.929766	137
4211.705686	147
4244.481605	135
4277.257525	133
4310.033445	134
4342.809365	157
4375.585284	132
4408.361204	140
4441.137124	163
4473.913043	154
4506.688963	164
4539.464883	150
4572.240803	151
4605.016722	140
4637.792642	127
4670.568562	149
4703.344482	133
4736.120401	160
4768.896321	166
4801.672241	151
4834.448161	139
4867.22408	176
4900	146
4932.77592	118
4965.551839	133
4998.327759	128
5031.103679	140
5063.879599	139
5096.655518	144
5129.431438	135
5162.207358	139
5194.983278	117
5227.759197	134
5260.535117	136
5293.311037	142
5326.086957	143
5358.862876	127
5391.638796	127
5424.414716	128
5457.190635	136
5489.966555	129
5522.742475	123
5555.518395	125
5588.294314	132
5621.070234	136
5653.846154	141
5686.622074	124
5719.397993	125
5752.173913	125
5784.949833	133
5817.725753	111
5850.501672	137
5883.277592	145
5916.053512	118
5948.829431	121
5981.605351	139
6014.381271	123
6047.157191	123
6079.93311	135
6112.70903	135
6145.48495	138
6178.26087	126
6211.036789	148
6243.812709	151
6276.588629	120
6309.364548	139
6342.140468	119
6374.916388	117
6407.692308	131
6440.468227	129
6473.244147	114
6506.020067	117
6538.795987	105
6571.571906	123
6604.347826	122
6637.123746	123
6669.899666	138
6702.675585	120
6735.451505	140
6768.227425	118
6801.003344	117
6833.779264	100
6866.555184	121
6899.331104	116
6932.107023	125
6964.882943	121
6997.658863	129
7030.434783	129
7063.210702	131
7095.986622	112
7128.762542	99
7161.538462	130
7194.314381	108
7227.090301	105
7259.866221	98
7292.64214	138
7325.41806	114
7358.19398	108
7390.9699	97
7423.745819	116
7456.521739	108
7489.297659	108
7522.073579	100
7554.849498	104
7587.625418	107
7620.401338	116
7653.177258	123
7685.953177	94
7718.729097	114
7751.505017	106
7784.280936	103
7817.056856	101
7849.832776	112
7882.608696	97
7915.384615	105
7948.160535	120
7980.936455	92
8013.712375	94
8046.488294	93
8079.264214	111
8112.040134	101
8144.816054	110
8177.591973	98
8210.367893	106
8243.143813	113
8275.919732	104
8308.695652	74
8341.471572	87
8374.247492	103
8407.023411	99
8439.799331	80
8472.575251	91
8505.351171	94
8538.12709	96
8570.90301	110
8603.67893	95
8636.454849	76
8669.230769	100
8702.006689	96
8734.782609	89
8767.558528	99
8800.334448	101
8833.110368	89
8865.886288	88
8898.662207	91
8931.438127	92
8964.214047	86
8996.989967	83
9029.765886	92
9062.541806	99
9095.317726	95
9128.093645	106
9160.869565	78
9193.645485	84
9226.421405	77
9259.197324	72
9291.973244	78
9324.749164	74
9357.525084	76
9390.301003	94
9423.076923	79
9455.852843	72
9488.628763	73
9521.404682	92
9554.180602	84
9586.956522	101
9619.732441	74
9652.508361	83
9685.284281	89
9718.060201	71
9750.83612	80
9783.61204	94
