Pulseheight/Count
16.38795987	0
49.1638796	8
81.93979933	100
114.7157191	88
147.4916388	54
180.2675585	38
213.0434783	33
245.819398	30
278.5953177	21
311.3712375	24
344.1471572	21
376.9230769	18
409.6989967	27
442.4749164	25
475.2508361	23
508.0267559	26
540.8026756	33
573.5785953	19
606.3545151	23
639.1304348	31
671.9063545	21
704.6822742	27
737.458194	41
770.2341137	37
803.0100334	31
835.7859532	32
868.5618729	55
901.3377926	46
934.1137124	63
966.8896321	81
999.6655518	108
1032.441472	127
1065.217391	174
1097.993311	204
1130.769231	204
1163.545151	235
1196.32107	234
1229.09699	215
1261.87291	214
1294.648829	191
1327.424749	135
1360.200669	117
1392.976589	100
1425.752508	94
1458.528428	89
1491.304348	70
1524.080268	96
1556.856187	91
1589.632107	56
1622.408027	85
1655.183946	92
1687.959866	69
1720.735786	77
1753.511706	88
1786.287625	65
1819.063545	68
1851.839465	69
1884.615385	59
1917.391304	43
1950.167224	77
1982.943144	59
2015.719064	54
2048.494983	54
2081.270903	48
2114.046823	58
2146.822742	55
2179.598662	57
2212.374582	67
2245.150502	43
2277.926421	57
2310.702341	45
2343.478261	48
2376.254181	56
2409.0301	57
2441.80602	65
2474.58194	72
2507.35786	68
2540.133779	68
2572.909699	66
2605.685619	68
2638.461538	73
2671.237458	83
2704.013378	98
2736.789298	89
2769.565217	84
2802.341137	119
2835.117057	112
2867.892977	118
2900.668896	132
2933.444816	127
2966.220736	138
2998.996656	173
3031.772575	168
3064.548495	169
3097.324415	175
3130.100334	163
3162.876254	172
3195.652174	176
3228.428094	184
3261.204013	187
3293.979933	199
3326.755853	208
3359.531773	193
3392.307692	207
3425.083612	187
3457.859532	191
3490.635452	203
3523.411371	178
3556.187291	185
3588.963211	194
3621.73913	209
3654.51505	209
3687.29097	168
3720.06689	170
3752.842809	178
3785.618729	156
3818.394649	178
3851.170569	170
3883.946488	159
3916.722408	178
3949.498328	187
3982.274247	155
4015.050167	167
4047.826087	172
4080.602007	157
4113.377926	168
4146.153846	153
4178.929766	156
4211.705686	177
4244.481605	168
4277.257525	178
4310.033445	187
4342.809365	191
4375.585284	183
4408.361204	182
4441.137124	169
4473.913043	198
4506.688963	186
4539.464883	183
4572.240803	201
4605.016722	171
4637.792642	195
4670.568562	187
4703.344482	194
4736.120401	206
4768.896321	192
4801.672241	184
4834.448161	173
4867.22408	179
4900	188
4932.77592	217
4965.551839	186
4998.327759	165
5031.103679	182
5063.879599	192
5096.655518	180
5129.431438	174
5162.207358	164
5194.983278	203
5227.759197	197
5260.535117	194
5293.311037	193
5326.086957	202
5358.862876	207
5391.638796	199
5424.414716	167
5457.190635	201
5489.966555	190
5522.742475	177
5555.518395	195
5588.294314	184
5621.070234	164
5653.846154	188
5686.622074	186
5719.397993	168
5752.173913	165
5784.949833	186
5817.725753	165
5850.501672	168
5883.277592	171
5916.053512	186
5948.829431	169
5981.605351	194
6014.381271	175
6047.157191	170
6079.93311	187
6112.70903	200
6145.48495	171
6178.26087	167
6211.036789	165
6243.812709	168
6276.588629	172
6309.364548	167
6342.140468	160
6374.916388	181
6407.692308	168
6440.468227	183
6473.244147	165
6506.020067	185
6538.795987	151
6571.571906	173
6604.347826	194
6637.123746	173
6669.899666	171
6702.675585	162
6735.451505	193
6768.227425	183
6801.003344	157
6833.779264	180
6866.555184	177
6899.331104	151
6932.107023	141
6964.882943	172
6997.658863	171
7030.434783	148
7063.210702	171
7095.986622	151
7128.762542	178
7161.538462	164
7194.314381	161
7227.090301	153
7259.866221	157
7292.64214	141
7325.41806	164
7358.19398	176
7390.9699	156
7423.745819	168
7456.521739	161
7489.297659	162
7522.073579	171
7554.849498	159
7587.625418	152
7620.401338	149
7653.177258	139
7685.953177	148
7718.729097	157
7751.505017	144
7784.280936	162
7817.056856	153
7849.832776	132
7882.608696	119
7915.384615	148
7948.160535	110
7980.936455	157
8013.712375	152
8046.488294	126
8079.264214	155
8112.040134	124
8144.816054	143
8177.591973	113
8210.367893	133
8243.143813	122
8275.919732	124
8308.695652	141
8341.471572	141
8374.247492	124
8407.023411	111
8439.799331	122
8472.575251	110
8505.351171	107
8538.12709	131
8570.90301	124
8603.67893	97
8636.454849	119
8669.230769	139
8702.006689	121
8734.782609	136
8767.558528	118
8800.334448	111
8833.110368	110
8865.886288	122
8898.662207	103
8931.438127	116
8964.214047	114
8996.989967	86
9029.765886	117
9062.541806	121
9095.317726	116
9128.093645	123
9160.869565	93
9193.645485	114
9226.421405	115
9259.197324	99
9291.973244	94
9324.749164	110
9357.525084	109
9390.301003	112
9423.076923	107
9455.852843	113
9488.628763	108
9521.404682	94
9554.180602	124
9586.956522	107
9619.732441	122
9652.508361	106
9685.284281	113
9718.060201	110
9750.83612	89
9783.61204	111
