Pulseheight/Count
16.38795987	0
49.1638796	13
81.93979933	84
114.7157191	57
147.4916388	38
180.2675585	19
213.0434783	21
245.819398	15
278.5953177	20
311.3712375	29
344.1471572	26
376.9230769	24
409.6989967	20
442.4749164	22
475.2508361	12
508.0267559	16
540.8026756	22
573.5785953	21
606.3545151	22
639.1304348	25
671.9063545	30
704.6822742	32
737.458194	53
770.2341137	57
803.0100334	73
835.7859532	103
868.5618729	137
901.3377926	142
934.1137124	189
966.8896321	207
999.6655518	240
1032.441472	313
1065.217391	379
1097.993311	469
1130.769231	484
1163.545151	567
1196.32107	618
1229.09699	565
1261.87291	607
1294.648829	625
1327.424749	629
1360.200669	656
1392.976589	644
1425.752508	654
1458.528428	594
1491.304348	590
1524.080268	617
1556.856187	567
1589.632107	513
1622.408027	527
1655.183946	554
1687.959866	505
1720.735786	490
1753.511706	491
1786.287625	480
1819.063545	476
1851.839465	488
1884.615385	471
1917.391304	459
1950.167224	441
1982.943144	407
2015.719064	404
2048.494983	376
2081.270903	321
2114.046823	266
2146.822742	249
2179.598662	196
2212.374582	157
2245.150502	119
2277.926421	99
2310.702341	72
2343.478261	46
2376.254181	52
2409.0301	50
2441.80602	37
2474.58194	39
2507.35786	33
2540.133779	28
2572.909699	47
2605.685619	39
2638.461538	37
2671.237458	44
2704.013378	46
2736.789298	60
2769.565217	68
2802.341137	60
2835.117057	82
2867.892977	70
2900.668896	107
2933.444816	116
2966.220736	119
2998.996656	128
3031.772575	135
3064.548495	145
3097.324415	158
3130.100334	221
3162.876254	223
3195.652174	247
3228.428094	323
3261.204013	379
3293.979933	450
3326.755853	550
3359.531773	630
3392.307692	845
3425.083612	956
3457.859532	1062
3490.635452	1227
3523.411371	1456
3556.187291	1625
3588.963211	1852
3621.73913	2060
3654.51505	2155
3687.29097	2296
3720.06689	2343
3752.842809	2391
3785.618729	2417
3818.394649	2362
3851.170569	2272
3883.946488	2086
3916.722408	1954
3949.498328	1764
3982.274247	1597
4015.050167	1363
4047.826087	1105
4080.602007	953
4113.377926	757
4146.153846	648
4178.929766	496
4211.705686	401
4244.481605	352
4277.257525	261
4310.033445	217
4342.809365	163
4375.585284	133
4408.361204	93
4441.137124	83
4473.913043	87
4506.688963	49
4539.464883	37
4572.240803	34
4605.016722	52
4637.792642	40
4670.568562	27
4703.344482	33
4736.120401	42
4768.896321	26
4801.672241	34
4834.448161	32
4867.22408	33
4900	22
4932.77592	21
4965.551839	29
4998.327759	40
5031.103679	31
5063.879599	25
5096.655518	38
5129.431438	34
5162.207358	25
5194.983278	31
5227.759197	24
5260.535117	30
5293.311037	36
5326.086957	36
5358.862876	34
5391.638796	34
5424.414716	34
5457.190635	29
5489.966555	32
5522.742475	28
5555.518395	34
5588.294314	30
5621.070234	21
5653.846154	37
5686.622074	31
5719.397993	31
5752.173913	37
5784.949833	24
5817.725753	37
5850.501672	29
5883.277592	31
5916.053512	37
5948.829431	39
5981.605351	35
6014.381271	41
6047.157191	38
6079.93311	30
6112.70903	23
6145.48495	35
6178.26087	27
6211.036789	44
6243.812709	26
6276.588629	32
6309.364548	29
6342.140468	24
6374.916388	25
6407.692308	25
6440.468227	27
6473.244147	28
6506.020067	30
6538.795987	29
6571.571906	27
6604.347826	37
6637.123746	24
6669.899666	34
6702.675585	16
6735.451505	20
6768.227425	26
6801.003344	29
6833.779264	35
6866.555184	32
6899.331104	28
6932.107023	25
6964.882943	25
6997.658863	28
7030.434783	27
7063.210702	26
7095.986622	24
7128.762542	25
7161.538462	32
7194.314381	22
7227.090301	22
7259.866221	26
7292.64214	24
7325.41806	22
7358.19398	24
7390.9699	24
7423.745819	29
7456.521739	33
7489.297659	21
7522.073579	28
7554.849498	29
7587.625418	23
7620.401338	36
7653.177258	25
7685.953177	17
7718.729097	25
7751.505017	22
7784.280936	26
7817.056856	20
7849.832776	19
7882.608696	27
7915.384615	34
7948.160535	16
7980.936455	18
8013.712375	17
8046.488294	20
8079.264214	19
8112.040134	32
8144.816054	17
8177.591973	22
8210.367893	24
8243.143813	23
8275.919732	17
8308.695652	23
8341.471572	21
8374.247492	17
8407.023411	17
8439.799331	21
8472.575251	24
8505.351171	20
8538.12709	14
8570.90301	19
8603.67893	14
8636.454849	17
8669.230769	21
8702.006689	17
8734.782609	22
8767.558528	19
8800.334448	13
8833.110368	16
8865.886288	16
8898.662207	10
8931.438127	11
8964.214047	17
8996.989967	24
9029.765886	14
9062.541806	13
9095.317726	23
9128.093645	17
9160.869565	26
9193.645485	16
9226.421405	12
9259.197324	11
9291.973244	24
9324.749164	18
9357.525084	16
9390.301003	14
9423.076923	22
9455.852843	25
9488.628763	17
9521.404682	20
9554.180602	11
9586.956522	14
9619.732441	26
9652.508361	16
9685.284281	21
9718.060201	18
9750.83612	18
9783.61204	23
