Pulseheight/Count
18.49056604	0
55.47169811	57
92.45283019	223
129.4339623	86
166.4150943	60
203.3962264	56
240.3773585	63
277.3584906	54
314.3396226	84
351.3207547	73
388.3018868	88
425.2830189	85
462.2641509	98
499.245283	110
536.2264151	100
573.2075472	101
610.1886792	76
647.1698113	79
684.1509434	72
721.1320755	65
758.1132075	56
795.0943396	62
832.0754717	66
869.0566038	70
906.0377358	61
943.0188679	64
980	65
1016.981132	59
1053.962264	61
1090.943396	57
1127.924528	58
1164.90566	59
1201.886792	73
1238.867925	61
1275.849057	62
1312.830189	78
1349.811321	71
1386.792453	70
1423.773585	89
1460.754717	90
1497.735849	77
1534.716981	90
1571.698113	100
1608.679245	116
1645.660377	133
1682.641509	162
1719.622642	148
1756.603774	233
1793.584906	264
1830.566038	369
1867.54717	408
1904.528302	513
1941.509434	614
1978.490566	667
2015.471698	765
2052.45283	810
2089.433962	713
2126.415094	720
2163.396226	684
2200.377358	568
2237.358491	501
2274.339623	389
2311.320755	381
2348.301887	298
2385.283019	259
2422.264151	232
2459.245283	202
2496.226415	136
2533.207547	118
2570.188679	124
2607.169811	115
2644.150943	103
2681.132075	90
2718.113208	90
2755.09434	101
2792.075472	79
2829.056604	82
2866.037736	80
2903.018868	87
2940	67
2976.981132	68
3013.962264	63
3050.943396	82
3087.924528	87
3124.90566	67
3161.886792	82
3198.867925	81
3235.849057	79
3272.830189	89
3309.811321	82
3346.792453	81
3383.773585	76
3420.754717	76
3457.735849	63
3494.716981	69
3531.698113	67
3568.679245	87
3605.660377	85
3642.641509	97
3679.622642	72
3716.603774	78
3753.584906	65
3790.566038	62
3827.54717	103
3864.528302	83
3901.509434	77
3938.490566	92
3975.471698	93
4012.45283	74
4049.433962	71
4086.415094	82
4123.396226	108
4160.377358	89
4197.358491	109
4234.339623	97
4271.320755	99
4308.301887	108
4345.283019	114
4382.264151	103
4419.245283	110
4456.226415	118
4493.207547	116
4530.188679	123
4567.169811	129
4604.150943	114
4641.132075	125
4678.113208	110
4715.09434	111
4752.075472	118
4789.056604	109
4826.037736	116
4863.018868	111
4900	102
4936.981132	87
4973.962264	113
5010.943396	114
5047.924528	81
5084.90566	108
5121.886792	94
5158.867925	103
5195.849057	84
5232.830189	95
5269.811321	94
5306.792453	96
5343.773585	95
5380.754717	105
5417.735849	99
5454.716981	73
5491.698113	87
5528.679245	85
5565.660377	73
5602.641509	94
5639.622642	79
5676.603774	63
5713.584906	66
5750.566038	77
5787.54717	75
5824.528302	78
5861.509434	77
5898.490566	61
5935.471698	84
5972.45283	87
6009.433962	66
6046.415094	79
6083.396226	79
6120.377358	85
6157.358491	71
6194.339623	83
6231.320755	82
6268.301887	81
6305.283019	97
6342.264151	69
6379.245283	69
6416.226415	83
6453.207547	71
6490.188679	72
6527.169811	76
6564.150943	80
6601.132075	87
6638.113208	75
6675.09434	81
6712.075472	73
6749.056604	68
6786.037736	64
6823.018868	69
6860	80
6896.981132	89
6933.962264	77
6970.943396	77
7007.924528	69
7044.90566	76
7081.886792	73
7118.867925	61
7155.849057	81
7192.830189	81
7229.811321	86
7266.792453	71
7303.773585	74
7340.754717	78
7377.735849	72
7414.716981	80
7451.698113	81
7488.679245	92
7525.660377	66
7562.641509	69
7599.622642	94
7636.603774	77
7673.584906	93
7710.566038	72
7747.54717	78
7784.528302	73
7821.509434	83
7858.490566	78
7895.471698	82
7932.45283	65
7969.433962	92
8006.415094	71
8043.396226	85
8080.377358	67
8117.358491	77
8154.339623	83
8191.320755	74
8228.301887	80
8265.283019	65
8302.264151	81
8339.245283	74
8376.226415	96
8413.207547	73
8450.188679	84
8487.169811	77
8524.150943	78
8561.132075	70
8598.113208	77
8635.09434	59
8672.075472	74
8709.056604	64
8746.037736	73
8783.018868	73
8820	79
8856.981132	79
8893.962264	80
8930.943396	77
8967.924528	97
9004.90566	71
9041.886792	89
9078.867925	82
9115.849057	80
9152.830189	68
9189.811321	75
9226.792453	103
9263.773585	77
9300.754717	68
9337.735849	78
9374.716981	84
9411.698113	85
9448.679245	92
9485.660377	74
9522.641509	76
9559.622642	96
9596.603774	82
9633.584906	79
9670.566038	72
9707.54717	84
9744.528302	82
9781.509434	85
