Pulseheight/Count
16.38795987	0
49.1638796	45
81.93979933	130
114.7157191	154
147.4916388	88
180.2675585	68
213.0434783	50
245.819398	44
278.5953177	44
311.3712375	42
344.1471572	45
376.9230769	33
409.6989967	33
442.4749164	38
475.2508361	43
508.0267559	39
540.8026756	38
573.5785953	29
606.3545151	35
639.1304348	31
671.9063545	45
704.6822742	34
737.458194	47
770.2341137	43
803.0100334	31
835.7859532	35
868.5618729	39
901.3377926	54
934.1137124	57
966.8896321	70
999.6655518	69
1032.441472	78
1065.217391	78
1097.993311	98
1130.769231	105
1163.545151	104
1196.32107	122
1229.09699	147
1261.87291	145
1294.648829	158
1327.424749	157
1360.200669	166
1392.976589	185
1425.752508	180
1458.528428	205
1491.304348	285
1524.080268	296
1556.856187	358
1589.632107	482
1622.408027	612
1655.183946	767
1687.959866	947
1720.735786	1081
1753.511706	1214
1786.287625	1234
1819.063545	1390
1851.839465	1273
1884.615385	1264
1917.391304	1153
1950.167224	1028
1982.943144	960
2015.719064	816
2048.494983	659
2081.270903	538
2114.046823	463
2146.822742	380
2179.598662	341
2212.374582	244
2245.150502	195
2277.926421	144
2310.702341	119
2343.478261	106
2376.254181	93
2409.0301	93
2441.80602	71
2474.58194	67
2507.35786	75
2540.133779	75
2572.909699	99
2605.685619	79
2638.461538	111
2671.237458	142
2704.013378	110
2736.789298	109
2769.565217	154
2802.341137	154
2835.117057	182
2867.892977	214
2900.668896	202
2933.444816	232
2966.220736	271
2998.996656	280
3031.772575	307
3064.548495	337
3097.324415	371
3130.100334	379
3162.876254	371
3195.652174	371
3228.428094	378
3261.204013	394
3293.979933	376
3326.755853	328
3359.531773	340
3392.307692	318
3425.083612	268
3457.859532	291
3490.635452	244
3523.411371	258
3556.187291	241
3588.963211	233
3621.73913	244
3654.51505	201
3687.29097	173
3720.06689	163
3752.842809	173
3785.618729	170
3818.394649	147
3851.170569	162
3883.946488	153
3916.722408	143
3949.498328	119
3982.274247	127
4015.050167	137
4047.826087	124
4080.602007	138
4113.377926	146
4146.153846	149
4178.929766	154
4211.705686	127
4244.481605	135
4277.257525	145
4310.033445	136
4342.809365	136
4375.585284	156
4408.361204	157
4441.137124	150
4473.913043	148
4506.688963	141
4539.464883	152
4572.240803	150
4605.016722	151
4637.792642	131
4670.568562	161
4703.344482	154
4736.120401	162
4768.896321	152
4801.672241	145
4834.448161	127
4867.22408	161
4900	145
4932.77592	150
4965.551839	168
4998.327759	175
5031.103679	173
5063.879599	148
5096.655518	157
5129.431438	166
5162.207358	145
5194.983278	150
5227.759197	163
5260.535117	162
5293.311037	149
5326.086957	138
5358.862876	160
5391.638796	147
5424.414716	157
5457.190635	145
5489.966555	154
5522.742475	155
5555.518395	162
5588.294314	149
5621.070234	145
5653.846154	164
5686.622074	145
5719.397993	159
5752.173913	147
5784.949833	141
5817.725753	167
5850.501672	142
5883.277592	146
5916.053512	152
5948.829431	156
5981.605351	155
6014.381271	183
6047.157191	127
6079.93311	169
6112.70903	133
6145.48495	155
6178.26087	172
6211.036789	153
6243.812709	138
6276.588629	135
6309.364548	142
6342.140468	122
6374.916388	153
6407.692308	132
6440.468227	151
6473.244147	117
6506.020067	127
6538.795987	123
6571.571906	133
6604.347826	143
6637.123746	150
6669.899666	166
6702.675585	137
6735.451505	120
6768.227425	139
6801.003344	131
6833.779264	132
6866.555184	128
6899.331104	135
6932.107023	161
6964.882943	123
6997.658863	141
7030.434783	116
7063.210702	116
7095.986622	137
7128.762542	112
7161.538462	120
7194.314381	151
7227.090301	138
7259.866221	136
7292.64214	122
7325.41806	131
7358.19398	115
7390.9699	131
7423.745819	124
7456.521739	125
7489.297659	132
7522.073579	129
7554.849498	119
7587.625418	126
7620.401338	166
7653.177258	116
7685.953177	116
7718.729097	121
7751.505017	119
7784.280936	121
7817.056856	125
7849.832776	127
7882.608696	119
7915.384615	114
7948.160535	128
7980.936455	130
8013.712375	124
8046.488294	104
8079.264214	113
8112.040134	112
8144.816054	128
8177.591973	118
8210.367893	112
8243.143813	116
8275.919732	125
8308.695652	109
8341.471572	105
8374.247492	116
8407.023411	132
8439.799331	120
8472.575251	111
8505.351171	107
8538.12709	108
8570.90301	120
8603.67893	104
8636.454849	118
8669.230769	98
8702.006689	115
8734.782609	109
8767.558528	88
8800.334448	101
8833.110368	105
8865.886288	105
8898.662207	118
8931.438127	112
8964.214047	92
8996.989967	101
9029.765886	111
9062.541806	108
9095.317726	105
9128.093645	99
9160.869565	113
9193.645485	89
9226.421405	108
9259.197324	77
9291.973244	109
9324.749164	105
9357.525084	107
9390.301003	96
9423.076923	111
9455.852843	122
9488.628763	109
9521.404682	103
9554.180602	95
9586.956522	90
9619.732441	108
9652.508361	104
9685.284281	109
9718.060201	88
9750.83612	80
9783.61204	90
