Pulseheight/Count
16.38795987	0
49.1638796	25
81.93979933	122
114.7157191	112
147.4916388	94
180.2675585	90
213.0434783	97
245.819398	111
278.5953177	117
311.3712375	122
344.1471572	121
376.9230769	110
409.6989967	136
442.4749164	185
475.2508361	216
508.0267559	223
540.8026756	195
573.5785953	164
606.3545151	136
639.1304348	114
671.9063545	80
704.6822742	62
737.458194	67
770.2341137	74
803.0100334	61
835.7859532	66
868.5618729	63
901.3377926	94
934.1137124	85
966.8896321	107
999.6655518	103
1032.441472	100
1065.217391	114
1097.993311	104
1130.769231	101
1163.545151	117
1196.32107	127
1229.09699	139
1261.87291	156
1294.648829	170
1327.424749	157
1360.200669	201
1392.976589	200
1425.752508	188
1458.528428	217
1491.304348	228
1524.080268	231
1556.856187	225
1589.632107	274
1622.408027	268
1655.183946	306
1687.959866	339
1720.735786	406
1753.511706	542
1786.287625	580
1819.063545	798
1851.839465	969
1884.615385	1133
1917.391304	1290
1950.167224	1487
1982.943144	1693
2015.719064	1761
2048.494983	1690
2081.270903	1710
2114.046823	1558
2146.822742	1449
2179.598662	1222
2212.374582	1114
2245.150502	964
2277.926421	808
2310.702341	679
2343.478261	612
2376.254181	560
2409.0301	484
2441.80602	372
2474.58194	310
2507.35786	298
2540.133779	251
2572.909699	248
2605.685619	187
2638.461538	198
2671.237458	198
2704.013378	177
2736.789298	166
2769.565217	161
2802.341137	206
2835.117057	185
2867.892977	192
2900.668896	229
2933.444816	241
2966.220736	267
2998.996656	248
3031.772575	303
3064.548495	295
3097.324415	351
3130.100334	346
3162.876254	348
3195.652174	357
3228.428094	407
3261.204013	382
3293.979933	399
3326.755853	405
3359.531773	412
3392.307692	392
3425.083612	387
3457.859532	365
3490.635452	355
3523.411371	360
3556.187291	308
3588.963211	316
3621.73913	284
3654.51505	270
3687.29097	299
3720.06689	296
3752.842809	291
3785.618729	242
3818.394649	266
3851.170569	254
3883.946488	249
3916.722408	247
3949.498328	235
3982.274247	269
4015.050167	256
4047.826087	259
4080.602007	250
4113.377926	261
4146.153846	265
4178.929766	253
4211.705686	247
4244.481605	247
4277.257525	268
4310.033445	244
4342.809365	252
4375.585284	254
4408.361204	261
4441.137124	257
4473.913043	264
4506.688963	287
4539.464883	252
4572.240803	271
4605.016722	256
4637.792642	270
4670.568562	273
4703.344482	296
4736.120401	288
4768.896321	256
4801.672241	298
4834.448161	273
4867.22408	248
4900	264
4932.77592	262
4965.551839	297
4998.327759	282
5031.103679	290
5063.879599	253
5096.655518	257
5129.431438	249
5162.207358	293
5194.983278	259
5227.759197	294
5260.535117	259
5293.311037	271
5326.086957	279
5358.862876	280
5391.638796	258
5424.414716	277
5457.190635	278
5489.966555	247
5522.742475	246
5555.518395	266
5588.294314	238
5621.070234	250
5653.846154	294
5686.622074	270
5719.397993	255
5752.173913	270
5784.949833	271
5817.725753	275
5850.501672	281
5883.277592	284
5916.053512	243
5948.829431	261
5981.605351	274
6014.381271	287
6047.157191	242
6079.93311	242
6112.70903	268
6145.48495	256
6178.26087	240
6211.036789	261
6243.812709	272
6276.588629	276
6309.364548	267
6342.140468	240
6374.916388	260
6407.692308	271
6440.468227	281
6473.244147	263
6506.020067	253
6538.795987	241
6571.571906	234
6604.347826	261
6637.123746	245
6669.899666	249
6702.675585	244
6735.451505	268
6768.227425	259
6801.003344	258
6833.779264	248
6866.555184	282
6899.331104	248
6932.107023	258
6964.882943	232
6997.658863	256
7030.434783	222
7063.210702	258
7095.986622	228
7128.762542	272
7161.538462	245
7194.314381	246
7227.090301	230
7259.866221	223
7292.64214	222
7325.41806	240
7358.19398	229
7390.9699	225
7423.745819	222
7456.521739	235
7489.297659	257
7522.073579	258
7554.849498	241
7587.625418	222
7620.401338	246
7653.177258	254
7685.953177	246
7718.729097	264
7751.505017	225
7784.280936	229
7817.056856	235
7849.832776	217
7882.608696	222
7915.384615	245
7948.160535	218
7980.936455	211
8013.712375	209
8046.488294	196
8079.264214	247
8112.040134	205
8144.816054	229
8177.591973	199
8210.367893	224
8243.143813	205
8275.919732	198
8308.695652	190
8341.471572	193
8374.247492	182
8407.023411	200
8439.799331	220
8472.575251	209
8505.351171	201
8538.12709	177
8570.90301	211
8603.67893	232
8636.454849	198
8669.230769	199
8702.006689	187
8734.782609	211
8767.558528	214
8800.334448	233
8833.110368	216
8865.886288	195
8898.662207	190
8931.438127	175
8964.214047	184
8996.989967	167
9029.765886	196
9062.541806	174
9095.317726	186
9128.093645	190
9160.869565	181
9193.645485	192
9226.421405	181
9259.197324	191
9291.973244	198
9324.749164	172
9357.525084	213
9390.301003	202
9423.076923	187
9455.852843	174
9488.628763	185
9521.404682	195
9554.180602	176
9586.956522	179
9619.732441	192
9652.508361	187
9685.284281	172
9718.060201	154
9750.83612	175
9783.61204	175
