Pulseheight/Count
16.38795987	0
49.1638796	3
81.93979933	18
114.7157191	35
147.4916388	17
180.2675585	16
213.0434783	19
245.819398	16
278.5953177	16
311.3712375	10
344.1471572	9
376.9230769	16
409.6989967	20
442.4749164	16
475.2508361	14
508.0267559	12
540.8026756	21
573.5785953	14
606.3545151	17
639.1304348	16
671.9063545	15
704.6822742	17
737.458194	13
770.2341137	25
803.0100334	22
835.7859532	31
868.5618729	27
901.3377926	28
934.1137124	31
966.8896321	29
999.6655518	47
1032.441472	31
1065.217391	38
1097.993311	34
1130.769231	31
1163.545151	34
1196.32107	29
1229.09699	32
1261.87291	47
1294.648829	25
1327.424749	38
1360.200669	30
1392.976589	35
1425.752508	46
1458.528428	33
1491.304348	41
1524.080268	30
1556.856187	31
1589.632107	35
1622.408027	33
1655.183946	30
1687.959866	40
1720.735786	34
1753.511706	35
1786.287625	37
1819.063545	34
1851.839465	43
1884.615385	35
1917.391304	29
1950.167224	48
1982.943144	42
2015.719064	38
2048.494983	26
2081.270903	35
2114.046823	33
2146.822742	27
2179.598662	29
2212.374582	37
2245.150502	22
2277.926421	25
2310.702341	24
2343.478261	24
2376.254181	24
2409.0301	19
2441.80602	28
2474.58194	37
2507.35786	24
2540.133779	37
2572.909699	21
2605.685619	31
2638.461538	34
2671.237458	39
2704.013378	23
2736.789298	39
2769.565217	49
2802.341137	35
2835.117057	44
2867.892977	42
2900.668896	47
2933.444816	46
2966.220736	57
2998.996656	59
3031.772575	59
3064.548495	69
3097.324415	69
3130.100334	70
3162.876254	85
3195.652174	80
3228.428094	89
3261.204013	82
3293.979933	72
3326.755853	90
3359.531773	58
3392.307692	101
3425.083612	76
3457.859532	73
3490.635452	66
3523.411371	64
3556.187291	64
3588.963211	54
3621.73913	54
3654.51505	54
3687.29097	52
3720.06689	46
3752.842809	44
3785.618729	53
3818.394649	49
3851.170569	46
3883.946488	56
3916.722408	48
3949.498328	56
3982.274247	56
4015.050167	40
4047.826087	48
4080.602007	48
4113.377926	55
4146.153846	48
4178.929766	56
4211.705686	46
4244.481605	49
4277.257525	53
4310.033445	50
4342.809365	59
4375.585284	57
4408.361204	46
4441.137124	43
4473.913043	46
4506.688963	51
4539.464883	69
4572.240803	61
4605.016722	61
4637.792642	54
4670.568562	38
4703.344482	48
4736.120401	48
4768.896321	61
4801.672241	67
4834.448161	68
4867.22408	52
4900	69
4932.77592	60
4965.551839	49
4998.327759	59
5031.103679	48
5063.879599	61
5096.655518	54
5129.431438	61
5162.207358	49
5194.983278	61
5227.759197	55
5260.535117	49
5293.311037	56
5326.086957	39
5358.862876	55
5391.638796	57
5424.414716	47
5457.190635	65
5489.966555	54
5522.742475	50
5555.518395	52
5588.294314	64
5621.070234	63
5653.846154	56
5686.622074	48
5719.397993	51
5752.173913	60
5784.949833	56
5817.725753	55
5850.501672	42
5883.277592	65
5916.053512	57
5948.829431	43
5981.605351	65
6014.381271	64
6047.157191	56
6079.93311	59
6112.70903	42
6145.48495	61
6178.26087	58
6211.036789	44
6243.812709	65
6276.588629	43
6309.364548	53
6342.140468	56
6374.916388	42
6407.692308	40
6440.468227	48
6473.244147	55
6506.020067	51
6538.795987	54
6571.571906	45
6604.347826	58
6637.123746	48
6669.899666	57
6702.675585	63
6735.451505	46
6768.227425	67
6801.003344	68
6833.779264	56
6866.555184	51
6899.331104	37
6932.107023	61
6964.882943	64
6997.658863	49
7030.434783	57
7063.210702	53
7095.986622	54
7128.762542	47
7161.538462	54
7194.314381	60
7227.090301	58
7259.866221	53
7292.64214	53
7325.41806	53
7358.19398	45
7390.9699	35
7423.745819	51
7456.521739	59
7489.297659	44
7522.073579	55
7554.849498	51
7587.625418	39
7620.401338	49
7653.177258	49
7685.953177	51
7718.729097	49
7751.505017	58
7784.280936	48
7817.056856	51
7849.832776	50
7882.608696	55
7915.384615	44
7948.160535	44
7980.936455	40
8013.712375	38
8046.488294	49
8079.264214	39
8112.040134	41
8144.816054	40
8177.591973	36
8210.367893	41
8243.143813	46
8275.919732	51
8308.695652	45
8341.471572	44
8374.247492	44
8407.023411	45
8439.799331	47
8472.575251	43
8505.351171	50
8538.12709	44
8570.90301	37
8603.67893	47
8636.454849	53
8669.230769	40
8702.006689	41
8734.782609	35
8767.558528	40
8800.334448	41
8833.110368	44
8865.886288	36
8898.662207	40
8931.438127	38
8964.214047	41
8996.989967	35
9029.765886	55
9062.541806	43
9095.317726	34
9128.093645	53
9160.869565	47
9193.645485	39
9226.421405	52
9259.197324	41
9291.973244	46
9324.749164	38
9357.525084	48
9390.301003	35
9423.076923	47
9455.852843	42
9488.628763	36
9521.404682	44
9554.180602	31
9586.956522	45
9619.732441	46
9652.508361	43
9685.284281	51
9718.060201	39
9750.83612	39
9783.61204	35
